#
#                              MECHANISM DESCRIPTOR
#
#                               Pollard Mechanism 
#  
#                             K+1             K+2 
#                        A + N == N + AT ;  AT == AD + P 
#                             K-1             K-2 
#  
#                              OUTPUT 1 = AT + AD  
#                                 OUTPUT 2 = P  
#                                 OUTPUT 3 = AT  
#
#                             SIMULATION PARAMETERS
#
#         DELTA TIME     =  1.000D-04      ITERATIONS/POINT   =          1
#         RUN TIME       =  4.000D+01      YMAX               =  0.000D+00
#         FLUX TOLERANCE =  2.000D-02      INTEGRAL TOLERANCE =  1.000D-06
#
#                                 RATE CONSTANTS
#
#                    K+  1 =  1.000D+01    K-  1 =  0.000D+00
#                    K+  2 =  3.000D-01    K-  2 =  0.000D+00
#
#                                 CONCENTRATIONS
#
#                            A          =  6.000D+00
#                            N          =  1.120D-02
#                            AT         =  0.000D+00
#                            AD         =  0.000D+00
#                            P          =  0.000D+00
#
#    TIME             1              2              3
  0.000E+00     0.000E+00     0.000E+00     0.000E+00
  7.810E-02     5.225E-02     6.083E-04     5.165E-02
  1.562E-01     1.041E-01     2.407E-03     1.016E-01
  2.343E-01     1.554E-01     5.359E-03     1.500E-01
  3.124E-01     2.063E-01     9.426E-03     1.969E-01
  3.905E-01     2.568E-01     1.457E-02     2.422E-01
  4.686E-01     3.068E-01     2.076E-02     2.860E-01
  5.467E-01     3.564E-01     2.796E-02     3.284E-01
  6.248E-01     4.055E-01     3.614E-02     3.694E-01
  7.029E-01     4.542E-01     4.526E-02     4.090E-01
  7.810E-01     5.025E-01     5.530E-02     4.472E-01
  8.591E-01     5.504E-01     6.621E-02     4.842E-01
  9.372E-01     5.979E-01     7.797E-02     5.199E-01
  1.015E+00     6.449E-01     9.056E-02     5.544E-01
  1.093E+00     6.916E-01     1.039E-01     5.876E-01
  1.172E+00     7.378E-01     1.181E-01     6.197E-01
  1.250E+00     7.836E-01     1.330E-01     6.506E-01
  1.328E+00     8.290E-01     1.486E-01     6.805E-01
  1.406E+00     8.741E-01     1.649E-01     7.092E-01
  1.484E+00     9.187E-01     1.818E-01     7.369E-01
  1.562E+00     9.630E-01     1.994E-01     7.636E-01
  1.640E+00     1.007E+00     2.176E-01     7.893E-01
  1.718E+00     1.050E+00     2.364E-01     8.140E-01
  1.796E+00     1.093E+00     2.557E-01     8.377E-01
  1.874E+00     1.136E+00     2.756E-01     8.606E-01
  1.953E+00     1.179E+00     2.960E-01     8.825E-01
  2.031E+00     1.221E+00     3.169E-01     9.036E-01
  2.109E+00     1.262E+00     3.384E-01     9.238E-01
  2.187E+00     1.303E+00     3.602E-01     9.432E-01
  2.265E+00     1.344E+00     3.825E-01     9.618E-01
  2.343E+00     1.385E+00     4.053E-01     9.796E-01
  2.421E+00     1.425E+00     4.284E-01     9.966E-01
  2.499E+00     1.465E+00     4.520E-01     1.013E+00
  2.577E+00     1.504E+00     4.759E-01     1.028E+00
  2.655E+00     1.544E+00     5.002E-01     1.043E+00
  2.734E+00     1.582E+00     5.248E-01     1.058E+00
  2.812E+00     1.621E+00     5.497E-01     1.071E+00
  2.890E+00     1.659E+00     5.750E-01     1.084E+00
  2.968E+00     1.697E+00     6.005E-01     1.096E+00
  3.046E+00     1.734E+00     6.263E-01     1.108E+00
  3.124E+00     1.771E+00     6.524E-01     1.119E+00
  3.202E+00     1.808E+00     6.788E-01     1.129E+00
  3.280E+00     1.845E+00     7.054E-01     1.139E+00
  3.358E+00     1.881E+00     7.322E-01     1.149E+00
  3.436E+00     1.917E+00     7.592E-01     1.158E+00
  3.515E+00     1.952E+00     7.864E-01     1.166E+00
  3.593E+00     1.988E+00     8.138E-01     1.174E+00
  3.671E+00     2.023E+00     8.414E-01     1.181E+00
  3.749E+00     2.057E+00     8.692E-01     1.188E+00
  3.827E+00     2.092E+00     8.971E-01     1.194E+00
  3.905E+00     2.126E+00     9.251E-01     1.200E+00
  3.983E+00     2.159E+00     9.533E-01     1.206E+00
  4.061E+00     2.193E+00     9.816E-01     1.211E+00
  4.139E+00     2.226E+00     1.010E+00     1.216E+00
  4.217E+00     2.259E+00     1.039E+00     1.220E+00
  4.296E+00     2.291E+00     1.067E+00     1.224E+00
  4.374E+00     2.324E+00     1.096E+00     1.228E+00
  4.452E+00     2.356E+00     1.125E+00     1.231E+00
  4.530E+00     2.387E+00     1.154E+00     1.234E+00
  4.608E+00     2.419E+00     1.183E+00     1.236E+00
  4.686E+00     2.450E+00     1.212E+00     1.238E+00
  4.764E+00     2.481E+00     1.241E+00     1.240E+00
  4.842E+00     2.512E+00     1.270E+00     1.242E+00
  4.920E+00     2.542E+00     1.299E+00     1.243E+00
  4.998E+00     2.572E+00     1.328E+00     1.244E+00
  5.077E+00     2.602E+00     1.357E+00     1.245E+00
  5.155E+00     2.632E+00     1.386E+00     1.245E+00
  5.233E+00     2.661E+00     1.415E+00     1.245E+00
  5.311E+00     2.690E+00     1.445E+00     1.245E+00
  5.389E+00     2.719E+00     1.474E+00     1.245E+00
  5.467E+00     2.747E+00     1.503E+00     1.244E+00
  5.545E+00     2.776E+00     1.532E+00     1.244E+00
  5.623E+00     2.804E+00     1.561E+00     1.243E+00
  5.701E+00     2.832E+00     1.590E+00     1.241E+00
  5.779E+00     2.859E+00     1.619E+00     1.240E+00
  5.858E+00     2.887E+00     1.648E+00     1.238E+00
  5.936E+00     2.914E+00     1.677E+00     1.236E+00
  6.014E+00     2.941E+00     1.706E+00     1.234E+00
  6.092E+00     2.967E+00     1.735E+00     1.232E+00
  6.170E+00     2.994E+00     1.764E+00     1.230E+00
  6.248E+00     3.020E+00     1.793E+00     1.227E+00
  6.326E+00     3.046E+00     1.822E+00     1.224E+00
  6.404E+00     3.072E+00     1.850E+00     1.221E+00
  6.482E+00     3.097E+00     1.879E+00     1.218E+00
  6.560E+00     3.122E+00     1.907E+00     1.215E+00
  6.639E+00     3.147E+00     1.936E+00     1.212E+00
  6.717E+00     3.172E+00     1.964E+00     1.208E+00
  6.795E+00     3.197E+00     1.992E+00     1.204E+00
  6.873E+00     3.221E+00     2.021E+00     1.201E+00
  6.951E+00     3.245E+00     2.049E+00     1.197E+00
  7.029E+00     3.269E+00     2.077E+00     1.193E+00
  7.107E+00     3.293E+00     2.105E+00     1.189E+00
  7.185E+00     3.317E+00     2.132E+00     1.184E+00
  7.263E+00     3.340E+00     2.160E+00     1.180E+00
  7.341E+00     3.363E+00     2.188E+00     1.176E+00
  7.420E+00     3.386E+00     2.215E+00     1.171E+00
  7.498E+00     3.409E+00     2.243E+00     1.167E+00
  7.576E+00     3.432E+00     2.270E+00     1.162E+00
  7.654E+00     3.454E+00     2.297E+00     1.157E+00
  7.732E+00     3.476E+00     2.324E+00     1.152E+00
  7.810E+00     3.498E+00     2.351E+00     1.147E+00
  7.888E+00     3.520E+00     2.378E+00     1.142E+00
  7.966E+00     3.542E+00     2.404E+00     1.137E+00
  8.044E+00     3.563E+00     2.431E+00     1.132E+00
  8.122E+00     3.584E+00     2.457E+00     1.127E+00
  8.201E+00     3.605E+00     2.484E+00     1.121E+00
  8.279E+00     3.626E+00     2.510E+00     1.116E+00
  8.357E+00     3.647E+00     2.536E+00     1.111E+00
  8.435E+00     3.667E+00     2.562E+00     1.105E+00
  8.513E+00     3.688E+00     2.588E+00     1.100E+00
  8.591E+00     3.708E+00     2.614E+00     1.094E+00
  8.669E+00     3.728E+00     2.639E+00     1.088E+00
  8.747E+00     3.747E+00     2.665E+00     1.083E+00
  8.825E+00     3.767E+00     2.690E+00     1.077E+00
  8.903E+00     3.786E+00     2.715E+00     1.071E+00
  8.982E+00     3.806E+00     2.740E+00     1.066E+00
  9.060E+00     3.825E+00     2.765E+00     1.060E+00
  9.138E+00     3.844E+00     2.790E+00     1.054E+00
  9.216E+00     3.863E+00     2.814E+00     1.048E+00
  9.294E+00     3.881E+00     2.839E+00     1.042E+00
  9.372E+00     3.900E+00     2.863E+00     1.036E+00
  9.450E+00     3.918E+00     2.887E+00     1.030E+00
  9.528E+00     3.936E+00     2.912E+00     1.025E+00
  9.606E+00     3.954E+00     2.935E+00     1.019E+00
  9.684E+00     3.972E+00     2.959E+00     1.013E+00
  9.763E+00     3.990E+00     2.983E+00     1.007E+00
  9.841E+00     4.007E+00     3.006E+00     1.001E+00
  9.919E+00     4.024E+00     3.030E+00     9.946E-01
  9.997E+00     4.042E+00     3.053E+00     9.886E-01
  1.007E+01     4.059E+00     3.076E+00     9.825E-01
  1.015E+01     4.076E+00     3.099E+00     9.765E-01
  1.023E+01     4.092E+00     3.122E+00     9.704E-01
  1.031E+01     4.109E+00     3.145E+00     9.644E-01
  1.039E+01     4.125E+00     3.167E+00     9.583E-01
  1.047E+01     4.142E+00     3.189E+00     9.523E-01
  1.054E+01     4.158E+00     3.212E+00     9.462E-01
  1.062E+01     4.174E+00     3.234E+00     9.402E-01
  1.070E+01     4.190E+00     3.256E+00     9.341E-01
  1.078E+01     4.206E+00     3.278E+00     9.281E-01
  1.086E+01     4.221E+00     3.299E+00     9.220E-01
  1.093E+01     4.237E+00     3.321E+00     9.160E-01
  1.101E+01     4.252E+00     3.342E+00     9.099E-01
  1.109E+01     4.267E+00     3.363E+00     9.039E-01
  1.117E+01     4.282E+00     3.385E+00     8.979E-01
  1.125E+01     4.297E+00     3.406E+00     8.919E-01
  1.132E+01     4.312E+00     3.426E+00     8.859E-01
  1.140E+01     4.327E+00     3.447E+00     8.799E-01
  1.148E+01     4.341E+00     3.468E+00     8.739E-01
  1.156E+01     4.356E+00     3.488E+00     8.680E-01
  1.164E+01     4.370E+00     3.508E+00     8.620E-01
  1.172E+01     4.384E+00     3.528E+00     8.561E-01
  1.179E+01     4.399E+00     3.548E+00     8.502E-01
  1.187E+01     4.412E+00     3.568E+00     8.443E-01
  1.195E+01     4.426E+00     3.588E+00     8.384E-01
  1.203E+01     4.440E+00     3.607E+00     8.325E-01
  1.211E+01     4.454E+00     3.627E+00     8.266E-01
  1.218E+01     4.467E+00     3.646E+00     8.208E-01
  1.226E+01     4.480E+00     3.665E+00     8.150E-01
  1.234E+01     4.494E+00     3.684E+00     8.092E-01
  1.242E+01     4.507E+00     3.703E+00     8.034E-01
  1.250E+01     4.520E+00     3.722E+00     7.977E-01
  1.257E+01     4.533E+00     3.741E+00     7.920E-01
  1.265E+01     4.545E+00     3.759E+00     7.862E-01
  1.273E+01     4.558E+00     3.778E+00     7.806E-01
  1.281E+01     4.571E+00     3.796E+00     7.749E-01
  1.289E+01     4.583E+00     3.814E+00     7.693E-01
  1.296E+01     4.595E+00     3.832E+00     7.636E-01
  1.304E+01     4.608E+00     3.850E+00     7.580E-01
  1.312E+01     4.620E+00     3.867E+00     7.525E-01
  1.320E+01     4.632E+00     3.885E+00     7.469E-01
  1.328E+01     4.644E+00     3.902E+00     7.414E-01
  1.336E+01     4.656E+00     3.920E+00     7.359E-01
  1.343E+01     4.667E+00     3.937E+00     7.304E-01
  1.351E+01     4.679E+00     3.954E+00     7.250E-01
  1.359E+01     4.690E+00     3.971E+00     7.196E-01
  1.367E+01     4.702E+00     3.988E+00     7.142E-01
  1.375E+01     4.713E+00     4.004E+00     7.088E-01
  1.382E+01     4.724E+00     4.021E+00     7.035E-01
  1.390E+01     4.735E+00     4.037E+00     6.982E-01
  1.398E+01     4.746E+00     4.054E+00     6.929E-01
  1.406E+01     4.757E+00     4.070E+00     6.876E-01
  1.414E+01     4.768E+00     4.086E+00     6.824E-01
  1.421E+01     4.779E+00     4.102E+00     6.772E-01
  1.429E+01     4.790E+00     4.117E+00     6.720E-01
  1.437E+01     4.800E+00     4.133E+00     6.669E-01
  1.445E+01     4.811E+00     4.149E+00     6.618E-01
  1.453E+01     4.821E+00     4.164E+00     6.567E-01
  1.460E+01     4.831E+00     4.179E+00     6.516E-01
  1.468E+01     4.841E+00     4.195E+00     6.466E-01
  1.476E+01     4.851E+00     4.210E+00     6.416E-01
  1.484E+01     4.861E+00     4.225E+00     6.366E-01
  1.492E+01     4.871E+00     4.240E+00     6.317E-01
  1.500E+01     4.881E+00     4.254E+00     6.268E-01
  1.507E+01     4.891E+00     4.269E+00     6.219E-01
  1.515E+01     4.901E+00     4.284E+00     6.170E-01
  1.523E+01     4.910E+00     4.298E+00     6.122E-01
  1.531E+01     4.920E+00     4.312E+00     6.074E-01
  1.539E+01     4.929E+00     4.326E+00     6.027E-01
  1.546E+01     4.938E+00     4.340E+00     5.979E-01
  1.554E+01     4.948E+00     4.354E+00     5.932E-01
  1.562E+01     4.957E+00     4.368E+00     5.885E-01
  1.570E+01     4.966E+00     4.382E+00     5.839E-01
  1.578E+01     4.975E+00     4.396E+00     5.793E-01
  1.585E+01     4.984E+00     4.409E+00     5.747E-01
  1.593E+01     4.993E+00     4.423E+00     5.701E-01
  1.601E+01     5.001E+00     4.436E+00     5.656E-01
  1.609E+01     5.010E+00     4.449E+00     5.611E-01
  1.617E+01     5.019E+00     4.462E+00     5.566E-01
  1.624E+01     5.027E+00     4.475E+00     5.522E-01
  1.632E+01     5.036E+00     4.488E+00     5.477E-01
  1.640E+01     5.044E+00     4.501E+00     5.434E-01
  1.648E+01     5.052E+00     4.513E+00     5.390E-01
  1.656E+01     5.061E+00     4.526E+00     5.347E-01
  1.664E+01     5.069E+00     4.539E+00     5.304E-01
  1.671E+01     5.077E+00     4.551E+00     5.261E-01
  1.679E+01     5.085E+00     4.563E+00     5.219E-01
  1.687E+01     5.093E+00     4.575E+00     5.177E-01
  1.695E+01     5.101E+00     4.587E+00     5.135E-01
  1.703E+01     5.109E+00     4.599E+00     5.093E-01
  1.710E+01     5.117E+00     4.611E+00     5.052E-01
  1.718E+01     5.124E+00     4.623E+00     5.011E-01
  1.726E+01     5.132E+00     4.635E+00     4.970E-01
  1.734E+01     5.139E+00     4.646E+00     4.930E-01
  1.742E+01     5.147E+00     4.658E+00     4.890E-01
  1.749E+01     5.154E+00     4.669E+00     4.850E-01
  1.757E+01     5.162E+00     4.681E+00     4.811E-01
  1.765E+01     5.169E+00     4.692E+00     4.771E-01
  1.773E+01     5.176E+00     4.703E+00     4.732E-01
  1.781E+01     5.183E+00     4.714E+00     4.694E-01
  1.788E+01     5.191E+00     4.725E+00     4.655E-01
  1.796E+01     5.198E+00     4.736E+00     4.617E-01
  1.804E+01     5.205E+00     4.747E+00     4.579E-01
  1.812E+01     5.211E+00     4.757E+00     4.542E-01
  1.820E+01     5.218E+00     4.768E+00     4.505E-01
  1.828E+01     5.225E+00     4.778E+00     4.467E-01
  1.835E+01     5.232E+00     4.789E+00     4.431E-01
  1.843E+01     5.239E+00     4.799E+00     4.394E-01
  1.851E+01     5.245E+00     4.809E+00     4.358E-01
  1.859E+01     5.252E+00     4.820E+00     4.322E-01
  1.867E+01     5.258E+00     4.830E+00     4.286E-01
  1.874E+01     5.265E+00     4.840E+00     4.251E-01
  1.882E+01     5.271E+00     4.850E+00     4.216E-01
  1.890E+01     5.278E+00     4.859E+00     4.181E-01
  1.898E+01     5.284E+00     4.869E+00     4.146E-01
  1.906E+01     5.290E+00     4.879E+00     4.112E-01
  1.913E+01     5.296E+00     4.888E+00     4.078E-01
  1.921E+01     5.302E+00     4.898E+00     4.044E-01
  1.929E+01     5.308E+00     4.907E+00     4.010E-01
  1.937E+01     5.314E+00     4.917E+00     3.977E-01
  1.945E+01     5.320E+00     4.926E+00     3.944E-01
  1.953E+01     5.326E+00     4.935E+00     3.911E-01
  1.960E+01     5.332E+00     4.944E+00     3.878E-01
  1.968E+01     5.338E+00     4.953E+00     3.846E-01
  1.976E+01     5.344E+00     4.962E+00     3.814E-01
  1.984E+01     5.350E+00     4.971E+00     3.782E-01
  1.992E+01     5.355E+00     4.980E+00     3.751E-01
  1.999E+01     5.361E+00     4.989E+00     3.719E-01
  2.007E+01     5.366E+00     4.998E+00     3.688E-01
  2.015E+01     5.372E+00     5.006E+00     3.657E-01
  2.023E+01     5.377E+00     5.015E+00     3.627E-01
  2.031E+01     5.383E+00     5.023E+00     3.596E-01
  2.038E+01     5.388E+00     5.032E+00     3.566E-01
  2.046E+01     5.393E+00     5.040E+00     3.536E-01
  2.054E+01     5.399E+00     5.048E+00     3.507E-01
  2.062E+01     5.404E+00     5.056E+00     3.477E-01
  2.070E+01     5.409E+00     5.064E+00     3.448E-01
  2.077E+01     5.414E+00     5.072E+00     3.419E-01
  2.085E+01     5.419E+00     5.080E+00     3.390E-01
  2.093E+01     5.424E+00     5.088E+00     3.362E-01
  2.101E+01     5.429E+00     5.096E+00     3.333E-01
  2.109E+01     5.434E+00     5.104E+00     3.305E-01
  2.117E+01     5.439E+00     5.112E+00     3.277E-01
  2.124E+01     5.444E+00     5.119E+00     3.250E-01
  2.132E+01     5.449E+00     5.127E+00     3.222E-01
  2.140E+01     5.454E+00     5.134E+00     3.195E-01
  2.148E+01     5.459E+00     5.142E+00     3.168E-01
  2.156E+01     5.463E+00     5.149E+00     3.141E-01
  2.163E+01     5.468E+00     5.157E+00     3.115E-01
  2.171E+01     5.473E+00     5.164E+00     3.088E-01
  2.179E+01     5.477E+00     5.171E+00     3.062E-01
  2.187E+01     5.482E+00     5.178E+00     3.036E-01
  2.195E+01     5.486E+00     5.185E+00     3.011E-01
  2.202E+01     5.491E+00     5.192E+00     2.985E-01
  2.210E+01     5.495E+00     5.199E+00     2.960E-01
  2.218E+01     5.500E+00     5.206E+00     2.935E-01
  2.226E+01     5.504E+00     5.213E+00     2.910E-01
  2.234E+01     5.508E+00     5.220E+00     2.885E-01
  2.241E+01     5.513E+00     5.227E+00     2.861E-01
  2.249E+01     5.517E+00     5.233E+00     2.836E-01
  2.257E+01     5.521E+00     5.240E+00     2.812E-01
  2.265E+01     5.525E+00     5.246E+00     2.788E-01
  2.273E+01     5.529E+00     5.253E+00     2.765E-01
  2.281E+01     5.533E+00     5.259E+00     2.741E-01
  2.288E+01     5.538E+00     5.266E+00     2.718E-01
  2.296E+01     5.542E+00     5.272E+00     2.695E-01
  2.304E+01     5.546E+00     5.278E+00     2.672E-01
  2.312E+01     5.550E+00     5.285E+00     2.649E-01
  2.320E+01     5.553E+00     5.291E+00     2.626E-01
  2.327E+01     5.557E+00     5.297E+00     2.604E-01
  2.335E+01     5.561E+00     5.303E+00     2.582E-01
  2.343E+01     5.565E+00     5.309E+00     2.560E-01
  2.351E+01     5.569E+00     5.315E+00     2.538E-01
  2.359E+01     5.573E+00     5.321E+00     2.516E-01
  2.366E+01     5.576E+00     5.327E+00     2.495E-01
  2.374E+01     5.580E+00     5.333E+00     2.474E-01
  2.382E+01     5.584E+00     5.338E+00     2.452E-01
  2.390E+01     5.587E+00     5.344E+00     2.431E-01
  2.398E+01     5.591E+00     5.350E+00     2.411E-01
  2.405E+01     5.594E+00     5.355E+00     2.390E-01
  2.413E+01     5.598E+00     5.361E+00     2.370E-01
  2.421E+01     5.601E+00     5.366E+00     2.349E-01
  2.429E+01     5.605E+00     5.372E+00     2.329E-01
  2.437E+01     5.608E+00     5.377E+00     2.309E-01
  2.445E+01     5.612E+00     5.383E+00     2.290E-01
  2.452E+01     5.615E+00     5.388E+00     2.270E-01
  2.460E+01     5.618E+00     5.393E+00     2.251E-01
  2.468E+01     5.622E+00     5.399E+00     2.231E-01
  2.476E+01     5.625E+00     5.404E+00     2.212E-01
  2.484E+01     5.628E+00     5.409E+00     2.193E-01
  2.491E+01     5.632E+00     5.414E+00     2.174E-01
  2.499E+01     5.635E+00     5.419E+00     2.156E-01
  2.507E+01     5.638E+00     5.424E+00     2.137E-01
  2.515E+01     5.641E+00     5.429E+00     2.119E-01
  2.523E+01     5.644E+00     5.434E+00     2.101E-01
  2.530E+01     5.647E+00     5.439E+00     2.083E-01
  2.538E+01     5.650E+00     5.444E+00     2.065E-01
  2.546E+01     5.653E+00     5.449E+00     2.047E-01
  2.554E+01     5.657E+00     5.454E+00     2.030E-01
  2.562E+01     5.659E+00     5.458E+00     2.012E-01
  2.569E+01     5.662E+00     5.463E+00     1.995E-01
  2.577E+01     5.665E+00     5.468E+00     1.978E-01
  2.585E+01     5.668E+00     5.472E+00     1.961E-01
  2.593E+01     5.671E+00     5.477E+00     1.944E-01
  2.601E+01     5.674E+00     5.481E+00     1.927E-01
  2.609E+01     5.677E+00     5.486E+00     1.911E-01
  2.616E+01     5.680E+00     5.490E+00     1.894E-01
  2.624E+01     5.683E+00     5.495E+00     1.878E-01
  2.632E+01     5.685E+00     5.499E+00     1.862E-01
  2.640E+01     5.688E+00     5.503E+00     1.846E-01
  2.648E+01     5.691E+00     5.508E+00     1.830E-01
  2.655E+01     5.693E+00     5.512E+00     1.814E-01
  2.663E+01     5.696E+00     5.516E+00     1.798E-01
  2.671E+01     5.699E+00     5.520E+00     1.783E-01
  2.679E+01     5.701E+00     5.525E+00     1.768E-01
  2.687E+01     5.704E+00     5.529E+00     1.752E-01
  2.694E+01     5.707E+00     5.533E+00     1.737E-01
  2.702E+01     5.709E+00     5.537E+00     1.722E-01
  2.710E+01     5.712E+00     5.541E+00     1.707E-01
  2.718E+01     5.714E+00     5.545E+00     1.693E-01
  2.726E+01     5.717E+00     5.549E+00     1.678E-01
  2.734E+01     5.719E+00     5.553E+00     1.664E-01
  2.741E+01     5.722E+00     5.557E+00     1.649E-01
  2.749E+01     5.724E+00     5.560E+00     1.635E-01
  2.757E+01     5.726E+00     5.564E+00     1.621E-01
  2.765E+01     5.729E+00     5.568E+00     1.607E-01
  2.773E+01     5.731E+00     5.572E+00     1.593E-01
  2.780E+01     5.733E+00     5.576E+00     1.579E-01
  2.788E+01     5.736E+00     5.579E+00     1.566E-01
  2.796E+01     5.738E+00     5.583E+00     1.552E-01
  2.804E+01     5.740E+00     5.586E+00     1.539E-01
  2.812E+01     5.743E+00     5.590E+00     1.526E-01
  2.819E+01     5.745E+00     5.594E+00     1.512E-01
  2.827E+01     5.747E+00     5.597E+00     1.499E-01
  2.835E+01     5.749E+00     5.601E+00     1.486E-01
  2.843E+01     5.751E+00     5.604E+00     1.473E-01
  2.851E+01     5.754E+00     5.608E+00     1.461E-01
  2.858E+01     5.756E+00     5.611E+00     1.448E-01
  2.866E+01     5.758E+00     5.614E+00     1.436E-01
  2.874E+01     5.760E+00     5.618E+00     1.423E-01
  2.882E+01     5.762E+00     5.621E+00     1.411E-01
  2.890E+01     5.764E+00     5.624E+00     1.399E-01
  2.898E+01     5.766E+00     5.628E+00     1.387E-01
  2.905E+01     5.768E+00     5.631E+00     1.375E-01
  2.913E+01     5.770E+00     5.634E+00     1.363E-01
  2.921E+01     5.772E+00     5.637E+00     1.351E-01
  2.929E+01     5.774E+00     5.640E+00     1.339E-01
  2.937E+01     5.776E+00     5.643E+00     1.328E-01
  2.944E+01     5.778E+00     5.647E+00     1.316E-01
  2.952E+01     5.780E+00     5.650E+00     1.305E-01
  2.960E+01     5.782E+00     5.653E+00     1.294E-01
  2.968E+01     5.784E+00     5.656E+00     1.282E-01
  2.976E+01     5.786E+00     5.659E+00     1.271E-01
  2.983E+01     5.788E+00     5.662E+00     1.260E-01
  2.991E+01     5.790E+00     5.665E+00     1.249E-01
  2.999E+01     5.791E+00     5.668E+00     1.239E-01
  3.007E+01     5.793E+00     5.670E+00     1.228E-01
  3.015E+01     5.795E+00     5.673E+00     1.217E-01
  3.022E+01     5.797E+00     5.676E+00     1.207E-01
  3.030E+01     5.799E+00     5.679E+00     1.196E-01
  3.038E+01     5.800E+00     5.682E+00     1.186E-01
  3.046E+01     5.802E+00     5.684E+00     1.176E-01
  3.054E+01     5.804E+00     5.687E+00     1.165E-01
  3.062E+01     5.805E+00     5.690E+00     1.155E-01
  3.069E+01     5.807E+00     5.693E+00     1.145E-01
  3.077E+01     5.809E+00     5.695E+00     1.135E-01
  3.085E+01     5.811E+00     5.698E+00     1.125E-01
  3.093E+01     5.812E+00     5.701E+00     1.116E-01
  3.101E+01     5.814E+00     5.703E+00     1.106E-01
  3.108E+01     5.815E+00     5.706E+00     1.096E-01
  3.116E+01     5.817E+00     5.708E+00     1.087E-01
  3.124E+01     5.819E+00     5.711E+00     1.078E-01
  3.132E+01     5.820E+00     5.713E+00     1.068E-01
  3.140E+01     5.822E+00     5.716E+00     1.059E-01
  3.147E+01     5.823E+00     5.718E+00     1.050E-01
  3.155E+01     5.825E+00     5.721E+00     1.041E-01
  3.163E+01     5.826E+00     5.723E+00     1.032E-01
  3.171E+01     5.828E+00     5.726E+00     1.023E-01
  3.179E+01     5.829E+00     5.728E+00     1.014E-01
  3.186E+01     5.831E+00     5.730E+00     1.005E-01
  3.194E+01     5.832E+00     5.733E+00     9.963E-02
  3.202E+01     5.834E+00     5.735E+00     9.877E-02
  3.210E+01     5.835E+00     5.737E+00     9.791E-02
  3.218E+01     5.837E+00     5.740E+00     9.706E-02
  3.226E+01     5.838E+00     5.742E+00     9.622E-02
  3.233E+01     5.840E+00     5.744E+00     9.539E-02
  3.241E+01     5.841E+00     5.746E+00     9.456E-02
  3.249E+01     5.842E+00     5.749E+00     9.374E-02
  3.257E+01     5.844E+00     5.751E+00     9.293E-02
  3.265E+01     5.845E+00     5.753E+00     9.212E-02
  3.272E+01     5.846E+00     5.755E+00     9.132E-02
  3.280E+01     5.848E+00     5.757E+00     9.053E-02
  3.288E+01     5.849E+00     5.759E+00     8.974E-02
  3.296E+01     5.850E+00     5.761E+00     8.896E-02
  3.304E+01     5.852E+00     5.763E+00     8.819E-02
  3.311E+01     5.853E+00     5.766E+00     8.742E-02
  3.319E+01     5.854E+00     5.768E+00     8.667E-02
  3.327E+01     5.856E+00     5.770E+00     8.591E-02
  3.335E+01     5.857E+00     5.772E+00     8.517E-02
  3.343E+01     5.858E+00     5.774E+00     8.443E-02
  3.350E+01     5.859E+00     5.776E+00     8.370E-02
  3.358E+01     5.860E+00     5.778E+00     8.297E-02
  3.366E+01     5.862E+00     5.779E+00     8.225E-02
  3.374E+01     5.863E+00     5.781E+00     8.153E-02
  3.382E+01     5.864E+00     5.783E+00     8.083E-02
  3.390E+01     5.865E+00     5.785E+00     8.012E-02
  3.397E+01     5.866E+00     5.787E+00     7.943E-02
  3.405E+01     5.868E+00     5.789E+00     7.874E-02
  3.413E+01     5.869E+00     5.791E+00     7.805E-02
  3.421E+01     5.870E+00     5.793E+00     7.738E-02
  3.429E+01     5.871E+00     5.794E+00     7.670E-02
  3.436E+01     5.872E+00     5.796E+00     7.604E-02
  3.444E+01     5.873E+00     5.798E+00     7.538E-02
  3.452E+01     5.874E+00     5.800E+00     7.472E-02
  3.460E+01     5.875E+00     5.801E+00     7.407E-02
  3.468E+01     5.877E+00     5.803E+00     7.343E-02
  3.475E+01     5.878E+00     5.805E+00     7.279E-02
  3.483E+01     5.879E+00     5.807E+00     7.216E-02
  3.491E+01     5.880E+00     5.808E+00     7.153E-02
  3.499E+01     5.881E+00     5.810E+00     7.091E-02
  3.507E+01     5.882E+00     5.812E+00     7.030E-02
  3.515E+01     5.883E+00     5.813E+00     6.968E-02
  3.522E+01     5.884E+00     5.815E+00     6.908E-02
  3.530E+01     5.885E+00     5.816E+00     6.848E-02
  3.538E+01     5.886E+00     5.818E+00     6.788E-02
  3.546E+01     5.887E+00     5.820E+00     6.729E-02
  3.554E+01     5.888E+00     5.821E+00     6.671E-02
  3.561E+01     5.889E+00     5.823E+00     6.613E-02
  3.569E+01     5.890E+00     5.824E+00     6.555E-02
  3.577E+01     5.891E+00     5.826E+00     6.498E-02
  3.585E+01     5.892E+00     5.827E+00     6.442E-02
  3.593E+01     5.893E+00     5.829E+00     6.386E-02
  3.600E+01     5.894E+00     5.830E+00     6.330E-02
  3.608E+01     5.895E+00     5.832E+00     6.275E-02
  3.616E+01     5.895E+00     5.833E+00     6.221E-02
  3.624E+01     5.896E+00     5.835E+00     6.167E-02
  3.632E+01     5.897E+00     5.836E+00     6.113E-02
  3.639E+01     5.898E+00     5.838E+00     6.060E-02
  3.647E+01     5.899E+00     5.839E+00     6.007E-02
  3.655E+01     5.900E+00     5.840E+00     5.955E-02
  3.663E+01     5.901E+00     5.842E+00     5.903E-02
  3.671E+01     5.902E+00     5.843E+00     5.852E-02
  3.679E+01     5.903E+00     5.845E+00     5.801E-02
  3.686E+01     5.903E+00     5.846E+00     5.751E-02
  3.694E+01     5.904E+00     5.847E+00     5.701E-02
  3.702E+01     5.905E+00     5.849E+00     5.651E-02
  3.710E+01     5.906E+00     5.850E+00     5.602E-02
  3.718E+01     5.907E+00     5.851E+00     5.553E-02
  3.725E+01     5.908E+00     5.852E+00     5.505E-02
  3.733E+01     5.908E+00     5.854E+00     5.457E-02
  3.741E+01     5.909E+00     5.855E+00     5.410E-02
  3.749E+01     5.910E+00     5.856E+00     5.363E-02
  3.757E+01     5.911E+00     5.858E+00     5.316E-02
  3.764E+01     5.911E+00     5.859E+00     5.270E-02
  3.772E+01     5.912E+00     5.860E+00     5.224E-02
  3.780E+01     5.913E+00     5.861E+00     5.179E-02
  3.788E+01     5.914E+00     5.862E+00     5.133E-02
  3.796E+01     5.915E+00     5.864E+00     5.089E-02
  3.803E+01     5.915E+00     5.865E+00     5.045E-02
  3.811E+01     5.916E+00     5.866E+00     5.001E-02
  3.819E+01     5.917E+00     5.867E+00     4.957E-02
  3.827E+01     5.917E+00     5.868E+00     4.914E-02
  3.835E+01     5.918E+00     5.869E+00     4.871E-02
  3.843E+01     5.919E+00     5.871E+00     4.829E-02
  3.850E+01     5.920E+00     5.872E+00     4.787E-02
  3.858E+01     5.920E+00     5.873E+00     4.745E-02
  3.866E+01     5.921E+00     5.874E+00     4.704E-02
  3.874E+01     5.922E+00     5.875E+00     4.663E-02
  3.882E+01     5.922E+00     5.876E+00     4.623E-02
  3.889E+01     5.923E+00     5.877E+00     4.582E-02
  3.897E+01     5.924E+00     5.878E+00     4.542E-02
  3.905E+01     5.924E+00     5.879E+00     4.503E-02
  3.913E+01     5.925E+00     5.880E+00     4.464E-02
  3.921E+01     5.926E+00     5.881E+00     4.425E-02
  3.928E+01     5.926E+00     5.882E+00     4.386E-02
  3.936E+01     5.927E+00     5.883E+00     4.348E-02
  3.944E+01     5.928E+00     5.884E+00     4.310E-02
  3.952E+01     5.928E+00     5.886E+00     4.273E-02
  3.960E+01     5.929E+00     5.886E+00     4.236E-02
  3.967E+01     5.929E+00     5.887E+00     4.199E-02
  3.975E+01     5.930E+00     5.888E+00     4.162E-02
  3.983E+01     5.931E+00     5.889E+00     4.126E-02
  3.991E+01     5.931E+00     5.890E+00     4.090E-02
  3.999E+01     5.932E+00     5.891E+00     4.055E-02
