# Auto-collated output:
# x: Time (s)
# y: Concentration (uM)
# columns: Data
#     ['[F-actin]', '[F-actin] error', '[Pi]', '[Pi] error']

0.0 -0.0006 -0.0 0.0 0.0
5.0 3.266706 0.00367061438633 0.0 0.0
10.0 6.181086 0.00641005198458 0.01476 0.00112857
15.0 8.76891 0.00902000908098 0.05622 0.0020913
20.0 11.083584 0.0116227404387 0.12573 0.00329486
25.0 13.12896 0.0126721050045 0.21678 0.00442492
30.0 14.95956 0.0137411296481 0.33105 0.00582959
35.0 16.59198 0.0147162591132 0.46137 0.00613945
40.0 18.04836 0.0153211531342 0.60816 0.0065001
45.0 19.33626 0.0161518084767 0.76896 0.00739919
50.0 20.49168 0.0168320934022 0.94209 0.00737252
55.0 21.51534 0.0181101953893 1.12581 0.007904
60.0 22.42686 0.0184796122174 1.32345 0.0081864
65.0 23.2365 0.0180336985101 1.52511 0.00835689
70.0 23.95416 0.018495049371 1.72971 0.00884439
75.0 24.58956 0.0185409235436 1.94217 0.0089103
80.0 25.16214 0.0192506220606 2.15436 0.00944347
85.0 25.67406 0.0187428064447 2.3751 0.00948569
90.0 26.13432 0.0192065088391 2.60097 0.00893975
95.0 26.54328 0.0196822482059 2.82999 0.00933397
100.0 26.9004 0.0194013137674 3.05901 0.00920314
105.0 27.21666 0.0189962219392 3.29241 0.00910199
110.0 27.50718 0.0189286505926 3.52557 0.00906498
115.0 27.76242 0.0182665767769 3.76281 0.00936484
120.0 27.9894 0.018746213035 3.99651 0.00996774
125.0 28.19118 0.0188013922324 4.23066 0.0100183
130.0 28.36776 0.0189584926127 4.46886 0.0100625
135.0 28.52562 0.0187552356221 4.70364 0.0106857
140.0 28.67106 0.0189246530542 4.93776 0.0112014
145.0 28.79346 0.018585252869 5.16696 0.0119945
150.0 28.9074 0.0183488130274 5.39757 0.0119164
155.0 29.01072 0.0183506555843 5.62578 0.0123546
160.0 29.09856 0.0186207086354 5.85231 0.0119764
165.0 29.18064 0.0186389232852 6.0798 0.0126305
170.0 29.25354 0.0187100296373 6.30729 0.0126592
175.0 29.31726 0.0188520290289 6.53352 0.0129903
180.0 29.37486 0.0190333404445 6.76056 0.0128364
185.0 29.42796 0.0188799332445 6.98004 0.0125502
190.0 29.4726 0.0187697704521 7.19904 0.0130084
195.0 29.51508 0.0188021647607 7.42221 0.0142075
200.0 29.5545 0.0187679491356 7.6401 0.0147939
205.0 29.58906 0.0188475235081 7.85268 0.0145786
210.0 29.61948 0.0189658910221 8.06487 0.0146928
215.0 29.64792 0.0189818306251 8.27664 0.0142883
220.0 29.67276 0.0191258457499 8.48181 0.0133472
225.0 29.69274 0.0190711087451 8.69031 0.0134308
230.0 29.71218 0.0189252453917 8.89836 0.0136062
235.0 29.73126 0.0189188987701 9.09981 0.0140507
240.0 29.7462 0.0188159431573 9.3033 0.0143225
245.0 29.76042 0.0187813507811 9.50442 0.0147139
250.0 29.77284 0.0189561448208 9.69903 0.0144358
255.0 29.7849 0.0188401234617 9.89502 0.0146051
260.0 29.79642 0.0188846455366 10.0909 0.0153912
265.0 29.80668 0.0188082689056 10.2817 0.0159575
270.0 29.81496 0.0188887118931 10.4746 0.0160641
275.0 29.8245 0.0186378211933 10.6647 0.015354
280.0 29.83152 0.0184558777358 10.8533 0.0159392
285.0 29.83836 0.0184949515623 11.0374 0.0165861
290.0 29.84538 0.0184370804987 11.2199 0.0163984
295.0 29.85024 0.0183292235765 11.4032 0.016631
300.0 29.8551 0.0182989978122 11.587 0.0169011
305.0 29.85816 0.0182432560231 11.7665 0.0170259
310.0 29.86338 0.0181369211001 11.9385 0.0175753
315.0 29.86662 0.0180533127533 12.1084 0.0173537
320.0 29.86878 0.0179857807636 12.2816 0.0175642
325.0 29.87184 0.0179916349966 12.4469 0.0175505
330.0 29.8749 0.0179258393723 12.618 0.0170421
335.0 29.87796 0.0179820583655 12.7892 0.0172232
340.0 29.88084 0.0179977879511 12.9472 0.018634
345.0 29.88264 0.017933811233 13.1097 0.0180982
350.0 29.88426 0.0179437175044 13.2746 0.0177014
355.0 29.88624 0.0179655025834 13.4354 0.0174195
360.0 29.88858 0.0179477489283 13.5972 0.0177366
365.0 29.89056 0.0180155564372 13.7544 0.0171841
370.0 29.892 0.0179476425075 13.9097 0.0169667
375.0 29.89344 0.0179708733194 14.0668 0.0164897
380.0 29.89434 0.0179953993651 14.221 0.0171019
385.0 29.8956 0.0180073692528 14.3737 0.0165935
390.0 29.89668 0.0180241184018 14.5239 0.0173725
395.0 29.89722 0.0179031921338 14.671 0.0173822
400.0 29.89722 0.0179352737523 14.8192 0.0177902
405.0 29.89776 0.0178872053239 14.9629 0.017807
410.0 29.8992 0.0178997923225 15.1089 0.0179192
415.0 29.8992 0.0178756558845 15.2568 0.0187599
420.0 29.89902 0.0178867316535 15.4008 0.018828
425.0 29.89866 0.0178914929478 15.5428 0.0188737
430.0 29.89902 0.0177982814416 15.6843 0.0183261
435.0 29.89884 0.0178143044874 15.8241 0.0187701
440.0 29.89956 0.0178389624206 15.9602 0.019296
445.0 29.89992 0.0178178601103 16.0934 0.0196508
450.0 29.89974 0.0178161931045 16.2244 0.0195988
455.0 29.89974 0.0178796076641 16.3609 0.019416
460.0 29.89884 0.0178802672909 16.4906 0.0199412
465.0 29.89866 0.0178955406613 16.6179 0.0197428
470.0 29.89866 0.0179265731308 16.7452 0.0195191
475.0 29.89902 0.0179402515274 16.8678 0.0196973
480.0 29.89794 0.0179411926183 16.9923 0.0189243
485.0 29.89758 0.0178972315896 17.1153 0.0186294
490.0 29.89704 0.0179009254083 17.2358 0.0184453
495.0 29.89632 0.0178582779589 17.3582 0.0183167
500.0 29.89614 0.0178933396756 17.4775 0.0182349
505.0 29.89452 0.0178813345657 17.5979 0.0184282
510.0 29.8938 0.0178302927546 17.7159 0.018532
515.0 29.89272 0.0178540208148 17.8298 0.0181596
520.0 29.89182 0.0178693716409 17.9363 0.0181415
525.0 29.89146 0.0178353062586 18.0545 0.0180439
530.0 29.89056 0.017771355455 18.169 0.0182206
535.0 29.88948 0.0177637527261 18.2773 0.0182833
540.0 29.88876 0.0177197584326 18.382 0.0171152
545.0 29.88786 0.0177704874476 18.491 0.0183806
550.0 29.88696 0.0178297605602 18.6019 0.0179041
555.0 29.88606 0.0178154298389 18.7112 0.0186293
560.0 29.88426 0.0178654680137 18.8194 0.0186495
565.0 29.88318 0.0178382277331 18.9183 0.0191757
570.0 29.88264 0.0178363750109 19.0265 0.0194945
575.0 29.88174 0.0177941629675 19.1332 0.0187766
580.0 29.88048 0.0177621087844 19.2366 0.0183693
585.0 29.87976 0.0177762776618 19.3335 0.0171241
590.0 29.8785 0.0177601131745 19.4356 0.0170777
595.0 29.87688 0.0177629500737 19.5348 0.0168287
600.0 29.87544 0.0177236840749 19.6328 0.016463
605.0 29.874 0.0177448262318 19.7319 0.0161752
610.0 29.87328 0.0177326132852 19.8241 0.0154903
615.0 29.87184 0.0177174810317 19.9222 0.0154918
620.0 29.87058 0.0177494328646 20.0174 0.0156274
625.0 29.86932 0.0177737398103 20.1126 0.015442
630.0 29.86752 0.0177716120764 20.2078 0.0154894
635.0 29.86644 0.0177782495478 20.2972 0.0157586
640.0 29.86482 0.0177767392399 20.386 0.0162697
645.0 29.86374 0.0177703364769 20.4714 0.0159362
650.0 29.86212 0.017783065277 20.5621 0.0163835
655.0 29.86104 0.0177525312691 20.6495 0.0157003
660.0 29.85942 0.0177585153016 20.7358 0.0152923
665.0 29.85834 0.0177560097222 20.8227 0.0153188
670.0 29.85636 0.0177240381713 20.9116 0.015186
675.0 29.85492 0.0177854952294 20.9975 0.0149686
680.0 29.85384 0.0178174613892 21.0773 0.0151263
685.0 29.85276 0.0178317416923 21.1609 0.0150281
690.0 29.85114 0.0177882657448 21.2411 0.0158246
695.0 29.84952 0.017780610473 21.3234 0.0153571
700.0 29.84844 0.0178391032061 21.4043 0.0140946
705.0 29.84682 0.0178280005077 21.4867 0.0140028
710.0 29.8452 0.0178062571919 21.5687 0.0137942
715.0 29.84322 0.0177697912016 21.6431 0.0129149
720.0 29.84196 0.0178705265833 21.7213 0.012696
725.0 29.84088 0.0178414940192 21.7974 0.0127137
730.0 29.83926 0.0178936349073 21.8745 0.0129979
735.0 29.838 0.0179038490507 21.9524 0.0130097
740.0 29.83638 0.0178943947938 22.0261 0.0132739
745.0 29.83422 0.017909313867 22.1004 0.0132915
750.0 29.8326 0.0179364255227 22.1754 0.0132789
755.0 29.83044 0.017952842295 22.2425 0.0127279
760.0 29.82954 0.0179620427421 22.3163 0.0129583
765.0 29.82774 0.0179636594958 22.3864 0.0127828
770.0 29.82648 0.0179819645395 22.4566 0.0132183
775.0 29.82522 0.0179857335104 22.5249 0.0134181
780.0 29.82378 0.0180272470443 22.5966 0.0130074
785.0 29.82234 0.0180579706051 22.661 0.0128174
790.0 29.82108 0.0180127379144 22.7273 0.0131632
795.0 29.81964 0.0180594949372 22.7945 0.0128905
800.0 29.81784 0.0180775937122 22.863 0.0129693
805.0 29.81658 0.0181156765676 22.926 0.0130032
810.0 29.81496 0.0181857889826 22.9898 0.0126178
815.0 29.81334 0.0181604497049 23.0533 0.0119762
820.0 29.81226 0.0180876657612 23.1177 0.0120348
825.0 29.81046 0.0180753456438 23.1812 0.011975
830.0 29.8092 0.0180322135096 23.243 0.0121179
835.0 29.8074 0.0179773399548 23.302 0.0122746
840.0 29.80596 0.0179768947475 23.3626 0.0121443
845.0 29.80416 0.0179797095367 23.425 0.0123897
850.0 29.802 0.018009607813 23.4816 0.0120131
855.0 29.80038 0.0180413581097 23.5393 0.0119629
860.0 29.79966 0.018042184047 23.5957 0.0122468
865.0 29.79822 0.0180643627246 23.6551 0.0120547
870.0 29.79624 0.0180608652891 23.7129 0.0116814
875.0 29.7948 0.0181309883214 23.7684 0.0115153
880.0 29.79336 0.0180927854227 23.8242 0.01185
885.0 29.79156 0.0180761213973 23.879 0.0115983
890.0 29.78994 0.0180937856592 23.9319 0.0113671
895.0 29.78814 0.0180538994295 23.9864 0.0107592
900.0 29.78652 0.0180138824163 24.0382 0.0105746
905.0 29.78472 0.0180316782375 24.0918 0.0101502
910.0 29.78274 0.018043912124 24.1443 0.010134
915.0 29.78112 0.0180364065357 24.1982 0.00983897
920.0 29.7795 0.0180903252647 24.252 0.00971606
925.0 29.7777 0.0180953853656 24.301 0.009239
930.0 29.7759 0.0180680859324 24.3518 0.00912736
935.0 29.7741 0.0180963667488 24.4028 0.00935085
940.0 29.77266 0.0181922477433 24.45 0.00932556
945.0 29.77122 0.0181630373787 24.5023 0.00946883
950.0 29.76906 0.0181800440547 24.5488 0.0098947
955.0 29.7669 0.0181819200317 24.5992 0.00990843
960.0 29.76528 0.0182496148424 24.6484 0.00934729
965.0 29.76384 0.018229093664 24.6923 0.00964927
970.0 29.76222 0.0182143965493 24.7383 0.00998856
975.0 29.76042 0.0182043249853 24.7852 0.0102436
980.0 29.75862 0.0182155248472 24.8331 0.00981761
985.0 29.75718 0.0182508786608 24.8753 0.0100463
990.0 29.7552 0.0182391406927 24.9149 0.0102121
995.0 29.75376 0.0182338995908 24.956 0.0099236
1000.0 29.75196 0.0182946797567 24.9994 0.0100605
1005.0 29.75088 0.0182710511226 25.0427 0.0102172
1010.0 29.7489 0.0182760896594 25.0854 0.0103933
1015.0 29.74728 0.0182537540027 25.1227 0.00999366
1020.0 29.74566 0.0182964260954 25.1632 0.00944958
1025.0 29.7444 0.0182434217283 25.2033 0.00998721
1030.0 29.7426 0.0182704970811 25.2426 0.00973465
1035.0 29.74152 0.0182802713906 25.283 0.009834
1040.0 29.73972 0.0181884193658 25.322 0.0099911
1045.0 29.73774 0.0182192204893 25.3602 0.0100254
1050.0 29.73576 0.0182389373123 25.3997 0.00965105
1055.0 29.73468 0.0181622899074 25.4368 0.0101585
1060.0 29.73324 0.0181826615358 25.4704 0.01077
1065.0 29.73126 0.0182049243691 25.5058 0.0104951
1070.0 29.72982 0.0182199033899 25.5457 0.0106731
1075.0 29.7282 0.0181653695068 25.5818 0.0105247
1080.0 29.72622 0.0182093484955 25.6175 0.0104913
1085.0 29.7246 0.0182073846022 25.653 0.00980263
1090.0 29.72316 0.018203342499 25.6873 0.0100852
1095.0 29.72208 0.0181919989092 25.7229 0.00967364
1100.0 29.7201 0.0182299853985 25.7582 0.00945611
1105.0 29.7183 0.018214973354 25.7939 0.00929126
1110.0 29.71704 0.0182254767464 25.8272 0.00958002
1115.0 29.71542 0.0182158748953 25.86 0.00967761
1120.0 29.71398 0.0182230648218 25.8946 0.00983814
1125.0 29.71272 0.0182012199887 25.9281 0.00988945
1130.0 29.71056 0.0181954566716 25.961 0.00926905
1135.0 29.70876 0.0182433429039 25.9944 0.00926388
1140.0 29.70732 0.0181903311208 26.0264 0.00914962
1145.0 29.70534 0.0181848860534 26.0592 0.00904261
1150.0 29.70372 0.0181884631707 26.093 0.0093317
1155.0 29.70192 0.0181548837938 26.1237 0.0090285
1160.0 29.7003 0.0181470802188 26.157 0.00949274
1165.0 29.69886 0.0181713410903 26.1868 0.00908051
1170.0 29.6967 0.0180701907526 26.2163 0.0089223
1175.0 29.69508 0.0180827532734 26.2463 0.00890972
1180.0 29.69328 0.0180436360463 26.2779 0.00897069
1185.0 29.69238 0.0180989484437 26.3064 0.00874337
1190.0 29.6904 0.0180668509784 26.3387 0.00858943
1195.0 29.68878 0.0180711774001 26.3676 0.00861907
1200.0 29.68752 0.0180241806755 26.3966 0.00805205
1205.0 29.68572 0.0180177080291 26.4272 0.00795511
1210.0 29.68464 0.0179490192389 26.4568 0.00822194
1215.0 29.6832 0.01796758954 26.4826 0.00809819
1220.0 29.68194 0.0179750976534 26.5117 0.00807493
1225.0 29.68068 0.0179894932986 26.5392 0.00772085
1230.0 29.67924 0.0179953357384 26.5628 0.00772265
1235.0 29.67744 0.0180089272425 26.5884 0.00742031
1240.0 29.67618 0.0179781044745 26.614 0.00728442
1245.0 29.67402 0.0179808789077 26.6389 0.0070271
1250.0 29.67258 0.0179948062624 26.665 0.00730482
1255.0 29.67114 0.0180097814393 26.691 0.00705763
1260.0 29.66916 0.0180302408787 26.7148 0.00726289
1265.0 29.6679 0.0180636495022 26.7369 0.00692281
1270.0 29.66646 0.0180771264788 26.7621 0.00686921
1275.0 29.66448 0.0180487765624 26.784 0.00670599
1280.0 29.66322 0.0179914558061 26.8089 0.0066213
1285.0 29.66106 0.0179993199849 26.8332 0.00684278
1290.0 29.65944 0.0180043945472 26.855 0.00684854
1295.0 29.658 0.0179311878748 26.8778 0.00701175
1300.0 29.65602 0.0179588326012 26.9027 0.00696854
1305.0 29.65512 0.0179434704852 26.927 0.00673967
1310.0 29.65332 0.018005715556 26.9488 0.00643313
1315.0 29.6517 0.018002705577 26.9705 0.00632722
1320.0 29.65062 0.0179910678592 26.9929 0.0068432
1325.0 29.64864 0.0180058360834 27.0149 0.00701085
1330.0 29.6472 0.018008832652 27.0366 0.00709707
1335.0 29.64594 0.0179718771262 27.061 0.00697662
1340.0 29.64378 0.0179857285242 27.0826 0.00699784
1345.0 29.64234 0.0179816892752 27.1038 0.00687484
1350.0 29.64036 0.0179325360608 27.123 0.00664004
1355.0 29.63928 0.0179691016655 27.1451 0.00698522
1360.0 29.63784 0.01802015042 27.1664 0.0067827
1365.0 29.63622 0.0180217809062 27.1849 0.00684759
1370.0 29.63478 0.01806324799 27.2052 0.0070291
1375.0 29.63316 0.0179791049862 27.2253 0.00726624
1380.0 29.63154 0.0179814842033 27.2467 0.00754199
1385.0 29.6301 0.0180049878416 27.2685 0.00754049
1390.0 29.62884 0.0179985720298 27.2889 0.00745903
1395.0 29.62704 0.0179542305275 27.308 0.00730113
1400.0 29.62542 0.0180179804954 27.3262 0.00746569
1405.0 29.62416 0.0179633666349 27.3457 0.00770445
1410.0 29.6229 0.0179201294101 27.3635 0.00795542
1415.0 29.62146 0.0179725207816 27.3815 0.00817359
1420.0 29.61984 0.0179383778946 27.4009 0.00779615
1425.0 29.61858 0.01793495642 27.4191 0.00775806
1430.0 29.61714 0.0179476817972 27.4364 0.00740767
1435.0 29.61624 0.0179924929456 27.4548 0.00751706
1440.0 29.61444 0.0179917100153 27.4719 0.00768156
1445.0 29.61318 0.018002806609 27.4885 0.00766436
1450.0 29.61138 0.0180324070896 27.5064 0.0070598
1455.0 29.60958 0.0180012404818 27.5244 0.0070327
1460.0 29.60814 0.0180130665559 27.5393 0.00682055
1465.0 29.60724 0.0179839384885 27.5528 0.00668087
1470.0 29.60562 0.0179939500737 27.5675 0.00626528
1475.0 29.604 0.0179836068352 27.5843 0.00619425
1480.0 29.6022 0.0179759393175 27.5977 0.00638245
1485.0 29.60058 0.0180018149547 27.6133 0.00641419
1490.0 29.59878 0.0180311138419 27.6273 0.00655642
1495.0 29.59734 0.0180085168857 27.6435 0.00630778
1500.0 29.59626 0.0180045149693 27.6569 0.0060542
1505.0 29.59446 0.0179528479681 27.6715 0.00611484
1510.0 29.59248 0.0180021817939 27.6877 0.00635109
1515.0 29.59068 0.0179318090098 27.7018 0.00624582
1520.0 29.5887 0.017919035844 27.7174 0.00645076
1525.0 29.5869 0.017868269761 27.7347 0.00666749
1530.0 29.58492 0.0178951548029 27.7485 0.00685214
1535.0 29.58312 0.0179570753546 27.7645 0.0066379
1540.0 29.58114 0.0179444519974 27.7784 0.00662169
1545.0 29.57898 0.0179738607404 27.7901 0.0066851
1550.0 29.57736 0.0179847683516 27.8038 0.00648163
1555.0 29.5761 0.01797416416 27.8161 0.00645017
1560.0 29.57358 0.0180862857887 27.8306 0.00659227
1565.0 29.57268 0.0180529729552 27.8431 0.00659401
1570.0 29.57142 0.0180693034539 27.8557 0.00626075
1575.0 29.56926 0.0180885335873 27.8699 0.00612804
1580.0 29.56728 0.0180935664843 27.8845 0.00564394
1585.0 29.56512 0.0180714970475 27.8983 0.0055734
1590.0 29.56314 0.0181146859879 27.9094 0.0054522
1595.0 29.56152 0.0180943184438 27.9223 0.00552523
1600.0 29.55918 0.0181272942067 27.9352 0.00550019
1605.0 29.55738 0.0181808238747 27.9476 0.00544619
1610.0 29.55486 0.0181376200927 27.9603 0.00588245
1615.0 29.5518 0.0180958579272 27.9736 0.00608417
1620.0 29.5491 0.018146748741 27.9857 0.00612348
1625.0 29.54568 0.0180397176094 27.997 0.00648554
1630.0 29.54118 0.0179764164301 28.0089 0.00669968
1635.0 29.53488 0.0180418955586 28.0209 0.00650566
1640.0 29.52678 0.0184345089476 28.0306 0.00634882
1645.0 29.51274 0.0190394592533 28.0396 0.00627204
1650.0 29.49744 0.0196529939783 28.0502 0.00602257
1655.0 29.47584 0.0199637318266 28.0613 0.00595406
1660.0 29.45046 0.0206027760176 28.0709 0.00579371
1665.0 29.42274 0.0211181453584 28.0806 0.00552557
1670.0 29.39142 0.0214594931362 28.089 0.00557265
1675.0 29.36388 0.0217020933273 28.0991 0.00549695
1680.0 29.33508 0.0217446545748 28.1088 0.00541149
1685.0 29.30484 0.021896380184 28.1177 0.00520358
1690.0 29.2791 0.0219577937835 28.1265 0.00517678
1695.0 29.25246 0.0217629089638 28.1326 0.00509852
1700.0 29.22384 0.0216874500037 28.1414 0.00517736
1705.0 29.19918 0.0215947400378 28.1495 0.00524677
1710.0 29.17668 0.021470522606 28.1569 0.00537992
1715.0 29.15274 0.0216515741364 28.1658 0.00531965
1720.0 29.13096 0.0218316523747 28.1754 0.00536463
1725.0 29.11044 0.0217860432856 28.1825 0.00565131
1730.0 29.08866 0.0220079826239 28.191 0.00566682
1735.0 29.06598 0.0222145246531 28.1987 0.00554696
1740.0 29.0487 0.0221827250104 28.2098 0.00566812
1745.0 29.02764 0.0224341511498 28.2187 0.00549187
1750.0 29.01 0.0226219830848 28.2269 0.00564732
1755.0 28.99092 0.0225116073138 28.2369 0.00555616
1760.0 28.97544 0.0225375800268 28.2439 0.00549888
1765.0 28.95906 0.0226342511157 28.251 0.005452
1770.0 28.94232 0.0227527689151 28.2585 0.00578248
1775.0 28.92594 0.0226007339358 28.2678 0.00582453
1780.0 28.9137 0.0228127028428 28.276 0.00574293
1785.0 28.89462 0.02282650983 28.2845 0.0059026
1790.0 28.88004 0.0226634198033 28.2917 0.00593278
1795.0 28.86816 0.0227066724556 28.2978 0.00591312
1800.0 28.8534 0.0228130063503 28.3049 0.00554777
1805.0 28.84116 0.0228636395377 28.3113 0.00527881
1810.0 28.82964 0.0227680524189 28.3168 0.00515221
1815.0 28.81578 0.0224859354607 28.3237 0.00481767
1820.0 28.80336 0.022793672233 28.3306 0.00504332
1825.0 28.79094 0.0223945587635 28.3368 0.00533232
1830.0 28.78212 0.0222992391877 28.3424 0.00534887
1835.0 28.7706 0.0223744027799 28.3506 0.0052204
1840.0 28.7607 0.0222589931455 28.357 0.00537577
1845.0 28.74792 0.0223196823199 28.3642 0.0052499
1850.0 28.7373 0.0221050197466 28.3702 0.00539445
1855.0 28.72758 0.0217316248724 28.3764 0.0052937
1860.0 28.71624 0.0219378447129 28.382 0.00524335
1865.0 28.7058 0.0220403850008 28.3888 0.00570826
1870.0 28.695 0.0223821 28.3963 0.00572058
1875.0 28.6842 0.022354740766 28.4027 0.0057679
1880.0 28.67448 0.0223571513013 28.4089 0.005995
1885.0 28.66548 0.0223109855292 28.4145 0.00624045
1890.0 28.65504 0.0222122401396 28.4198 0.00654848
1895.0 28.64568 0.0223796049307 28.4252 0.00649702
1900.0 28.64082 0.0227187099851 28.4301 0.00664891
1905.0 28.63398 0.0228089947073 28.4368 0.00654436
1910.0 28.62642 0.0231332497497 28.4431 0.00635062
1915.0 28.61832 0.0232303250078 28.449 0.00611551
1920.0 28.6113 0.0232593940354 28.4543 0.00618747
1925.0 28.60446 0.0230914873558 28.4601 0.00641219
1930.0 28.59726 0.0230870573326 28.4661 0.00647798
1935.0 28.5915 0.0233745834005 28.4704 0.00608318
1940.0 28.58448 0.0231586120207 28.4767 0.0059182
1945.0 28.57584 0.0231673645146 28.4828 0.00592631
1950.0 28.56864 0.0228548524969 28.487 0.00611499
1955.0 28.56108 0.0225565980813 28.4927 0.00613874
1960.0 28.55604 0.0228611346075 28.499 0.00667318
1965.0 28.54974 0.022692479191 28.504 0.00657907
1970.0 28.542 0.0228492170401 28.5104 0.00653572
1975.0 28.53732 0.0227013239845 28.5157 0.00657121
1980.0 28.53102 0.0224392942341 28.5213 0.00653401
1985.0 28.524 0.0222240329093 28.5266 0.00665609
1990.0 28.5186 0.0221654524243 28.5319 0.00640213
1995.0 28.51464 0.0219538994055 28.5368 0.00649578
2000.0 28.50996 0.0223733636818 28.5402 0.00625476
2005.0 28.50132 0.0222566470933 28.5452 0.00624746
2010.0 28.49682 0.0220407287729 28.5497 0.00655874
2015.0 28.4925 0.0218041783562 28.5557 0.00669944
2020.0 28.48782 0.0220151334617 28.5592 0.00668559
2025.0 28.48296 0.0218762073923 28.5647 0.00652688
2030.0 28.47756 0.0217181871844 28.5701 0.00673507
2035.0 28.47324 0.0217480913905 28.575 0.00682452
2040.0 28.4664 0.0217824155421 28.5798 0.0068671
2045.0 28.46406 0.0218454342563 28.583 0.00696531
2050.0 28.45848 0.0214620430565 28.5862 0.00703813
2055.0 28.45398 0.0213441641825 28.5904 0.00685595
2060.0 28.4484 0.0213767324632 28.5956 0.00673864
2065.0 28.44444 0.0216081005732 28.5992 0.00643293
2070.0 28.44138 0.0218765896639 28.6036 0.00640485
2075.0 28.43652 0.0220061451804 28.6075 0.00641129
2080.0 28.43472 0.0221374455978 28.6122 0.00614795
2085.0 28.43238 0.0223028552507 28.6156 0.00594484
2090.0 28.42752 0.022137806351 28.6213 0.00579251
2095.0 28.4214 0.0222946658464 28.6253 0.00580209
2100.0 28.41906 0.0224654098301 28.628 0.00591901
2105.0 28.41366 0.0223588501957 28.6324 0.0057274
2110.0 28.40844 0.0222637650783 28.6379 0.00585182
2115.0 28.40574 0.0221884966867 28.6417 0.00601946
2120.0 28.40232 0.0221480555459 28.6456 0.0060745
2125.0 28.39638 0.0222841093951 28.6492 0.00587229
2130.0 28.39296 0.0225243703098 28.6516 0.00594793
2135.0 28.39062 0.0221690503865 28.6551 0.00574129
2140.0 28.38486 0.0220483527532 28.6592 0.006004
2145.0 28.37946 0.0221329090154 28.6628 0.00592388
2150.0 28.3764 0.02221139011 28.6675 0.00593839
2155.0 28.3728 0.0224792333641 28.6717 0.00591962
2160.0 28.36794 0.0224647436323 28.6758 0.00601693
2165.0 28.36362 0.0222849691837 28.6798 0.00599456
2170.0 28.36182 0.0220615704496 28.6823 0.00614553
2175.0 28.35678 0.0220963928672 28.6866 0.00585599
2180.0 28.3548 0.022004459824 28.6912 0.00593778
2185.0 28.35444 0.0221773383812 28.6949 0.00590439
2190.0 28.34958 0.0223412772949 28.699 0.00596018
2195.0 28.3458 0.0224492021309 28.7014 0.00599695
2200.0 28.34274 0.0224428366396 28.7045 0.0059342
2205.0 28.33968 0.0224378082425 28.7083 0.00607319
2210.0 28.33896 0.0226550355956 28.7106 0.00600907
2215.0 28.33716 0.0227629265101 28.7138 0.00605035
2220.0 28.33518 0.0226384646328 28.7176 0.00592676
2225.0 28.33104 0.0228685716421 28.7188 0.00585618
2230.0 28.32744 0.0225632631609 28.7219 0.00590641
2235.0 28.3242 0.0224729481745 28.725 0.00577833
2240.0 28.32186 0.0224311828562 28.728 0.00567079
2245.0 28.3206 0.0219111463303 28.7309 0.0057194
2250.0 28.31988 0.0217626661162 28.7343 0.00562578
2255.0 28.31988 0.0219615496053 28.7379 0.00573141
2260.0 28.31592 0.0220192355385 28.7407 0.00559095
2265.0 28.31862 0.0220745587903 28.7432 0.00568171
2270.0 28.31718 0.0221581328245 28.746 0.00588283
2275.0 28.3161 0.0221765510499 28.7483 0.00589937
2280.0 28.31376 0.021856157618 28.7509 0.00576417
2285.0 28.31034 0.0219405023608 28.7531 0.00577332
2290.0 28.30944 0.022002462488 28.7551 0.00560066
2295.0 28.3071 0.0219817972276 28.7574 0.00575789
2300.0 28.30512 0.0220936592595 28.7601 0.00602069
2305.0 28.30206 0.0220950236525 28.7621 0.0060133
2310.0 28.29828 0.0221516843609 28.7647 0.00606856
2315.0 28.29792 0.022038766543 28.7663 0.00622304
2320.0 28.29576 0.0219603563849 28.7695 0.00622309
2325.0 28.29396 0.0222292076959 28.7716 0.00621523
2330.0 28.28982 0.0221880970295 28.774 0.00649882
2335.0 28.2873 0.0221583478746 28.7756 0.00668144
2340.0 28.28478 0.0221349850489 28.7779 0.0063745
2345.0 28.28352 0.0221297635484 28.781 0.00657857
2350.0 28.28154 0.0223936670812 28.7828 0.00663928
2355.0 28.28028 0.0225477787707 28.7852 0.00669662
2360.0 28.27704 0.0225857860243 28.7879 0.00686045
2365.0 28.27776 0.0226632513796 28.7906 0.00684127
2370.0 28.27614 0.0226383745653 28.793 0.00695715
2375.0 28.27128 0.0223864538011 28.7954 0.00694912
2380.0 28.26948 0.0226539228471 28.7974 0.00698264
2385.0 28.2684 0.0226649076205 28.7993 0.00694523
2390.0 28.26804 0.0226449602597 28.8018 0.00691915
2395.0 28.26462 0.0228189452322 28.8042 0.00697345
2400.0 28.26156 0.0226835462874 28.8056 0.0068117
2405.0 28.25958 0.0227592876614 28.8074 0.00686337
2410.0 28.25778 0.0228072879166 28.8087 0.00680548
2415.0 28.25688 0.0226227566191 28.8108 0.00702666
2420.0 28.2567 0.022821685628 28.8112 0.00701918
2425.0 28.25328 0.022763298421 28.8136 0.00695629
2430.0 28.2495 0.0227149586204 28.8168 0.00678232
2435.0 28.24788 0.0227957924108 28.8196 0.00673858
2440.0 28.24554 0.023119853317 28.822 0.00678395
2445.0 28.24572 0.0232848217598 28.8242 0.00673789
2450.0 28.24392 0.023480382558 28.8258 0.00674491
2455.0 28.24284 0.0232137385324 28.8282 0.00667918
2460.0 28.24284 0.023397384245 28.8295 0.0067094
2465.0 28.24284 0.0236346242198 28.8307 0.00648066
2470.0 28.24194 0.023541556458 28.8344 0.00660891
2475.0 28.2387 0.0234729415298 28.8355 0.00659955
2480.0 28.23834 0.0237889527965 28.8368 0.00661644
2485.0 28.23888 0.0237286105522 28.8396 0.00654075
2490.0 28.2378 0.0234659814552 28.8408 0.0066921
2495.0 28.23708 0.0235386196732 28.8417 0.00682808
2500.0 28.23708 0.0232819405394 28.8438 0.00665651
2505.0 28.23294 0.0232332439901 28.8451 0.00667171
2510.0 28.23276 0.0231983319791 28.8474 0.00656026
2515.0 28.2306 0.0234483063732 28.8495 0.00656692
2520.0 28.22916 0.0234690278781 28.8509 0.0066709
2525.0 28.22898 0.0234673687207 28.8535 0.00666753
2530.0 28.2297 0.023480685551 28.8568 0.00665564
2535.0 28.23078 0.0236426529067 28.8577 0.00669904
2540.0 28.23006 0.0242200129846 28.8593 0.00679693
2545.0 28.22718 0.0242509019711 28.8599 0.00675442
2550.0 28.22502 0.0242597801794 28.8605 0.00655747
2555.0 28.22196 0.0241883641033 28.8613 0.00686579
2560.0 28.22484 0.0238968075444 28.863 0.00686161
2565.0 28.22016 0.0237788454738 28.8639 0.00685006
2570.0 28.21854 0.0237971608927 28.865 0.00677093
2575.0 28.21872 0.023659288302 28.8659 0.00677308
2580.0 28.22106 0.0235937247097 28.8673 0.00680611
2585.0 28.22052 0.0237017098659 28.8694 0.00671876
2590.0 28.21836 0.0238299390731 28.8714 0.00684346
2595.0 28.21638 0.0238318724092 28.8726 0.00685868
2600.0 28.21422 0.0237479840372 28.8734 0.00691963
2605.0 28.21242 0.0236543542799 28.8745 0.00690986
2610.0 28.21188 0.0241687402521 28.8754 0.00694205
2615.0 28.21314 0.0239539983062 28.8758 0.00706698
2620.0 28.2117 0.0238620530013 28.8763 0.0071557
2625.0 28.20954 0.0235648728509 28.8776 0.00702422
2630.0 28.20702 0.0236315928586 28.8793 0.00686972
2635.0 28.2054 0.0234568057665 28.8799 0.00712422
2640.0 28.20504 0.0232866573907 28.8824 0.00715204
2645.0 28.20612 0.0233110073486 28.8824 0.00738545
2650.0 28.20324 0.0234192362126 28.8833 0.00730519
2655.0 28.20288 0.0232835244998 28.8854 0.00732046
2660.0 28.20288 0.0233486825093 28.8866 0.00730721
2665.0 28.20378 0.0232692576584 28.8872 0.00711496
2670.0 28.20162 0.0227513956 28.8866 0.00710159
2675.0 28.19928 0.0227828263677 28.8877 0.0071281
2680.0 28.20054 0.0228610746942 28.8895 0.00711773
2685.0 28.20162 0.0231139918858 28.8902 0.00713369
2690.0 28.20432 0.0230505572997 28.8911 0.00700459
2695.0 28.20126 0.0231977986756 28.8923 0.00674189
2700.0 28.20234 0.0233085298161 28.8928 0.00666923
2705.0 28.20234 0.0231234460693 28.8927 0.00678365
2710.0 28.2009 0.0229351884124 28.8939 0.0066392
2715.0 28.1982 0.0226385580515 28.8949 0.00650215
2720.0 28.19694 0.0229120637768 28.8956 0.00626112
2725.0 28.19694 0.0226299207274 28.8964 0.00616731
2730.0 28.19676 0.0227248829396 28.8972 0.00618997
2735.0 28.19694 0.0222714907095 28.8983 0.00633944
2740.0 28.1955 0.0224707634505 28.8999 0.00639436
2745.0 28.19658 0.0225393351184 28.9009 0.00640278
2750.0 28.19604 0.0227507541692 28.903 0.00632847
2755.0 28.19874 0.0229179603439 28.9035 0.00629049
2760.0 28.19766 0.0231138676985 28.9042 0.00605159
2765.0 28.19622 0.0230633470378 28.9061 0.00600134
2770.0 28.19766 0.0231168360764 28.9067 0.00625393
2775.0 28.1982 0.0233684846139 28.9084 0.00632036
2780.0 28.19604 0.0236280493952 28.9097 0.00625771
2785.0 28.19424 0.0233978887509 28.9103 0.00615134
2790.0 28.19442 0.0235846221635 28.9117 0.00611746
2795.0 28.19334 0.0234632086632 28.9112 0.00619102
2800.0 28.19424 0.0232969660524 28.9118 0.00593662
2805.0 28.1946 0.0235381943549 28.913 0.00613362
2810.0 28.19262 0.0235433956194 28.9139 0.00610301
2815.0 28.19118 0.0233484668613 28.9151 0.00599681
2820.0 28.18848 0.0234172336669 28.9163 0.00596298
2825.0 28.18902 0.0230971900589 28.9178 0.00602334
2830.0 28.18704 0.022890171478 28.9185 0.00609974
2835.0 28.18848 0.0226456479353 28.9195 0.00581163
2840.0 28.19118 0.0224581378353 28.9194 0.00573955
2845.0 28.1901 0.022509782606 28.9189 0.00560072
2850.0 28.18848 0.0225371599242 28.9201 0.0057961
2855.0 28.18902 0.0224021817633 28.9218 0.00561655
2860.0 28.18812 0.0222672998867 28.9241 0.0057476
2865.0 28.18974 0.0222715315797 28.9245 0.00568944
2870.0 28.18722 0.0225792797584 28.9263 0.00567677
2875.0 28.1874 0.02262842858 28.9257 0.0055971
2880.0 28.1883 0.0227259125001 28.9264 0.00549853
2885.0 28.18794 0.0225268438698 28.9265 0.00553559
2890.0 28.18632 0.0224451404271 28.9273 0.00560921
2895.0 28.18794 0.0227209640359 28.9281 0.00565824
2900.0 28.18956 0.0226824578166 28.9288 0.0057058
2905.0 28.18632 0.0227388406824 28.9292 0.00563181
2910.0 28.18452 0.0230052727435 28.9299 0.00563641
2915.0 28.1865 0.0230275208609 28.9294 0.00574598
2920.0 28.18614 0.0229002833719 28.9295 0.00572306
2925.0 28.1856 0.0228114585341 28.9291 0.00575822
2930.0 28.18542 0.0228880112789 28.9299 0.00587042
2935.0 28.18434 0.0227019038936 28.9297 0.00574763
2940.0 28.18542 0.0226685164618 28.9298 0.0056441
2945.0 28.18632 0.0225246873381 28.9306 0.00581798
2950.0 28.18632 0.0225013872168 28.9309 0.0058677
2955.0 28.18362 0.0223808000935 28.9317 0.00593795
2960.0 28.18524 0.0223663335501 28.9327 0.00575808
2965.0 28.18596 0.0225197393789 28.9332 0.00555178
2970.0 28.18434 0.0227053172451 28.932 0.00570649
2975.0 28.1829 0.0226559914836 28.9333 0.00582042
2980.0 28.18218 0.0225954892185 28.9335 0.00602863
2985.0 28.18308 0.0226705606136 28.9344 0.00607402
2990.0 28.1838 0.0225866644253 28.9352 0.00620118
2995.0 28.18614 0.0228015918859 28.936 0.00595277
3000.0 28.18596 0.0229806948857 28.9354 0.00579004
3005.0 28.18488 0.0229416576786 28.9354 0.00563452
3010.0 28.18452 0.0230420776181 28.9354 0.00554079
3015.0 28.1847 0.0229380701967 28.9346 0.00550935
3020.0 28.1838 0.0228808052899 28.9354 0.00545451
3025.0 28.18344 0.0228411296544 28.9362 0.0053592
3030.0 28.18164 0.023196449788 28.9371 0.00525063
3035.0 28.18416 0.0229378446531 28.9377 0.00503732
3040.0 28.18128 0.0229274901647 28.9375 0.00494234
3045.0 28.18164 0.0231497024994 28.9385 0.00493011
3050.0 28.18056 0.0231897640065 28.9391 0.00499205
3055.0 28.17984 0.0230436320121 28.9396 0.0047314
3060.0 28.17948 0.0230383862614 28.9393 0.00474374
3065.0 28.17984 0.0231789750253 28.9386 0.00479981
3070.0 28.17912 0.0232631632626 28.9392 0.00499104
3075.0 28.1811 0.0235280537934 28.9402 0.0048298
3080.0 28.17912 0.023502683705 28.9422 0.00460175
3085.0 28.17768 0.0236308392328 28.9416 0.00469047
3090.0 28.17426 0.0235780998336 28.9419 0.00462807
3095.0 28.1757 0.0235403213615 28.9421 0.00462696
3100.0 28.1739 0.0238427870696 28.9421 0.00452415
3105.0 28.17426 0.0238760815465 28.9419 0.00439111
3110.0 28.1748 0.0236624691057 28.9436 0.00435335
3115.0 28.17336 0.0235494754782 28.9448 0.00438541
3120.0 28.17318 0.0236971033486 28.9449 0.00430236
3125.0 28.17174 0.0236036986584 28.9462 0.00430761
3130.0 28.17192 0.0234171924936 28.9463 0.0042597
3135.0 28.17282 0.0236540153615 28.9463 0.00427175
3140.0 28.1703 0.0238992352617 28.9465 0.00435252
3145.0 28.16994 0.0234835320776 28.9471 0.00420594
3150.0 28.17012 0.0232769947596 28.9474 0.00411748
3155.0 28.16886 0.0233382463382 28.9484 0.00442647
3160.0 28.1685 0.0233300324062 28.949 0.00451051
3165.0 28.16724 0.0233930636178 28.9497 0.00452861
3170.0 28.16508 0.0235408405764 28.9489 0.00455381
3175.0 28.16418 0.0234874371954 28.9507 0.00444134
3180.0 28.16436 0.0235278251239 28.9509 0.00447516
3185.0 28.164 0.0234563977871 28.9514 0.00430344
3190.0 28.16562 0.023273967532 28.9509 0.00434127
3195.0 28.16274 0.0233765298727 28.9514 0.00395993
3200.0 28.16166 0.0234846939194 28.9522 0.00403773
3205.0 28.1568 0.0234976330523 28.952 0.00407464
3210.0 28.15932 0.0234787125929 28.9517 0.00410084
3215.0 28.15716 0.0235230590527 28.9528 0.00366803
3220.0 28.15644 0.0234868968619 28.9519 0.00359873
3225.0 28.15752 0.0234609399161 28.9513 0.0036752
3230.0 28.15914 0.023984821596 28.9507 0.00341252
3235.0 28.15878 0.0239816516939 28.9504 0.00350087
3240.0 28.15914 0.0241223728956 28.9512 0.00345117
3245.0 28.15824 0.0239527847173 28.9512 0.00357013
3250.0 28.15644 0.0237998319263 28.9529 0.00376571
3255.0 28.15482 0.0239774981303 28.9537 0.00362831
3260.0 28.15644 0.023897763241 28.955 0.0033139
3265.0 28.1541 0.0236702466816 28.9558 0.00337975
3270.0 28.15158 0.0232891409248 28.9575 0.00370327
3275.0 28.15248 0.0232824463819 28.9589 0.00359668
3280.0 28.15374 0.0233335231928 28.9576 0.00337436
3285.0 28.15554 0.0233536681694 28.9581 0.00335584
3290.0 28.15608 0.0236114836856 28.9584 0.00330994
3295.0 28.1532 0.0236349482176 28.9585 0.00346801
3300.0 28.1532 0.0236061629282 28.9591 0.00363914
3305.0 28.15464 0.0236323413833 28.9601 0.00343768
3310.0 28.15734 0.0236413456128 28.961 0.0035203
3315.0 28.15572 0.0236075727702 28.9615 0.00345319
3320.0 28.15518 0.023577372171 28.962 0.00352854
3325.0 28.15752 0.0236538362294 28.9621 0.0035096
3330.0 28.15716 0.0237852490682 28.9625 0.0035587
3335.0 28.15788 0.0241211446238 28.9618 0.0035538
3340.0 28.1541 0.0239987569317 28.9639 0.00356113
3345.0 28.15392 0.0239281018366 28.9643 0.00385281
3350.0 28.15716 0.0242474572732 28.9651 0.00382443
3355.0 28.15698 0.0242882348967 28.965 0.0041816
3360.0 28.15842 0.0243369741965 28.9656 0.00428349
3365.0 28.16238 0.0244558391734 28.9658 0.00426853
3370.0 28.16364 0.0243643278968 28.9667 0.00434051
3375.0 28.16328 0.024295273194 28.967 0.00431554
3380.0 28.164 0.0247276358693 28.9674 0.00436446
3385.0 28.16292 0.0248915851089 28.9667 0.00436558
3390.0 28.16274 0.0249983955273 28.9665 0.0046501
3395.0 28.16256 0.0249682450177 28.9673 0.00454697
3400.0 28.1613 0.0247568965651 28.9673 0.00443431
3405.0 28.16058 0.0246615224706 28.9684 0.00451636
3410.0 28.16004 0.0244522178103 28.9677 0.004562
3415.0 28.15932 0.0245202159973 28.9679 0.00446014
3420.0 28.16112 0.0244535696042 28.9676 0.00454796
3425.0 28.15824 0.0246259958745 28.9674 0.0045307
3430.0 28.15716 0.0244486625143 28.967 0.00434526
3435.0 28.15644 0.0242839984106 28.9661 0.00446803
3440.0 28.15734 0.0242019313462 28.9668 0.00465767
3445.0 28.15482 0.0243450336068 28.9665 0.00476244
3450.0 28.15428 0.0242495440241 28.9667 0.00470468
3455.0 28.15518 0.0243965760159 28.9674 0.00477519
3460.0 28.15644 0.0242986881078 28.9677 0.00489733
3465.0 28.15518 0.0243496880581 28.9697 0.00494386
3470.0 28.15428 0.0245685584012 28.9701 0.0049837
3475.0 28.15266 0.0246516980753 28.9713 0.00481467
3480.0 28.15446 0.0247656332363 28.9724 0.004735
3485.0 28.15374 0.0243608944042 28.9729 0.00484295
3490.0 28.15482 0.0245618157349 28.9739 0.00483272
3495.0 28.15536 0.0245663498832 28.975 0.00498428
3500.0 28.15302 0.0250292261039 28.9769 0.00492142
3505.0 28.15176 0.0247260445968 28.9788 0.00481619
3510.0 28.15104 0.0244235436532 28.9789 0.00469856
3515.0 28.14762 0.0246292602329 28.9783 0.00469327
3520.0 28.14564 0.0246081838914 28.9786 0.00466528
3525.0 28.14276 0.0245282160838 28.9791 0.00456611
3530.0 28.14186 0.0243979601321 28.9792 0.00470424
3535.0 28.14042 0.0243849812565 28.9791 0.00472526
3540.0 28.13862 0.0246525046343 28.9803 0.00481485
3545.0 28.13952 0.0249639132107 28.9803 0.00468874
3550.0 28.1406 0.0250226862076 28.9805 0.0047755
3555.0 28.14258 0.0251547463422 28.9801 0.00496515
3560.0 28.13934 0.0252186277512 28.9807 0.00494967
3565.0 28.1415 0.0252032410518 28.9813 0.00513986
3570.0 28.14078 0.0252629193378 28.9813 0.00533116
3575.0 28.14384 0.0254098423845 28.9809 0.00524056
3580.0 28.14258 0.0254970311892 28.98 0.00553018
3585.0 28.14294 0.0252533194255 28.9813 0.00545236
3590.0 28.14312 0.025477977634 28.9816 0.00530291
3595.0 28.14222 0.0254040957474 28.9823 0.00508632
3600.0 28.14204 0.0252663822048 28.982 0.0052126
3605.0 28.14402 0.0255230767018 28.9822 0.00535409
3610.0 28.14312 0.0256822809818 28.9822 0.00532778
3615.0 28.1415 0.0255729714749 28.9818 0.00538105
3620.0 28.1424 0.0258039754618 28.9827 0.0054401
3625.0 28.14168 0.0255792316392 28.9827 0.00530627
3630.0 28.13916 0.0257852044762 28.9817 0.00544166
3635.0 28.1415 0.0258281626176 28.9814 0.00559138
3640.0 28.14024 0.0260641576966 28.9822 0.00560008
3645.0 28.14096 0.0262460237884 28.9821 0.005567
3650.0 28.14564 0.0261154826334 28.9832 0.00564921
3655.0 28.14546 0.0260549180758 28.9828 0.00573854
3660.0 28.14294 0.0258714216699 28.9827 0.00557362
3665.0 28.14276 0.0262543306853 28.9815 0.00572114
3670.0 28.14186 0.0258481018975 28.9837 0.0056283
3675.0 28.14384 0.0261536167399 28.9845 0.00551665
3680.0 28.146 0.0260668756036 28.9837 0.00539906
3685.0 28.14348 0.026276555668 28.9841 0.00523476
3690.0 28.14474 0.0265634131249 28.985 0.00535526
3695.0 28.14366 0.0263900874434 28.9849 0.00527021
3700.0 28.14672 0.026321005257 28.9847 0.0051954
3705.0 28.14474 0.0263298788313 28.9848 0.00534562
3710.0 28.14456 0.0265627897927 28.9838 0.00513862
3715.0 28.14384 0.0267466480781 28.9829 0.00508992
3720.0 28.14384 0.0267295856303 28.9839 0.00511313
3725.0 28.14348 0.0267240359021 28.9842 0.00498313
3730.0 28.14294 0.026502135218 28.9842 0.00497792
3735.0 28.14186 0.0266197601052 28.9856 0.00498739
3740.0 28.1433 0.0265928480138 28.986 0.00491732
3745.0 28.1442 0.026581424637 28.9862 0.0044556
3750.0 28.14402 0.0265744214066 28.9852 0.00429428
3755.0 28.14222 0.0267333211703 28.9864 0.00411487
3760.0 28.14258 0.0270158738327 28.9852 0.00406673
3765.0 28.14312 0.0271002382046 28.9839 0.0040865
3770.0 28.14186 0.0271946833036 28.9834 0.0041461
3775.0 28.14222 0.027199343835 28.9834 0.00417074
3780.0 28.14402 0.0269551369743 28.9827 0.00381767
3785.0 28.14366 0.0269393492764 28.9818 0.00375072
3790.0 28.1442 0.0267401799431 28.982 0.00380863
3795.0 28.14384 0.0268108919033 28.9825 0.00375556
3800.0 28.14456 0.0268552266259 28.9834 0.00396168
3805.0 28.14402 0.0266524636469 28.9823 0.00403893
3810.0 28.14222 0.0269910357098 28.9827 0.00423637
3815.0 28.14276 0.0269561118495 28.9839 0.00435778
3820.0 28.14258 0.0270857551344 28.9823 0.00442635
3825.0 28.14438 0.0270715193383 28.9815 0.00448464
3830.0 28.14762 0.027186610587 28.9821 0.0045154
3835.0 28.15158 0.0269894969742 28.9828 0.00443406
3840.0 28.15104 0.0267017053803 28.9827 0.00440407
3845.0 28.15158 0.0267836990737 28.9822 0.00447186
3850.0 28.14744 0.0267861228073 28.9821 0.0045794
3855.0 28.1451 0.0271704556398 28.984 0.00477513
3860.0 28.14366 0.0271427630995 28.9847 0.00492921
3865.0 28.14294 0.0273157868524 28.9859 0.00488211
3870.0 28.14294 0.0273801786849 28.985 0.00473501
3875.0 28.14366 0.0274297086384 28.9861 0.00494543
3880.0 28.146 0.0270953841539 28.9866 0.00481413
3885.0 28.14708 0.0273439417543 28.9859 0.00475227
3890.0 28.14942 0.0272578389523 28.9859 0.0047896
3895.0 28.15014 0.0270888140067 28.9871 0.00485098
3900.0 28.14978 0.0273541953238 28.9876 0.00479226
3905.0 28.15176 0.027206602034 28.9876 0.00483675
3910.0 28.15248 0.0272286840916 28.9871 0.00487412
3915.0 28.15356 0.027111055375 28.9861 0.00483413
3920.0 28.15194 0.0269989053369 28.9856 0.004722
3925.0 28.15104 0.0270213068106 28.985 0.0050095
3930.0 28.15032 0.0271522006127 28.9848 0.00484801
3935.0 28.14816 0.0275880514987 28.9839 0.00479105
3940.0 28.14564 0.0275416225594 28.9841 0.00487511
3945.0 28.14672 0.0274759311863 28.9841 0.00475586
3950.0 28.15014 0.0275391319698 28.9846 0.00489982
3955.0 28.1496 0.0274563945857 28.9849 0.00477306
3960.0 28.1505 0.0275083317881 28.9855 0.00491538
3965.0 28.1505 0.0274016499618 28.9863 0.00508232
3970.0 28.14942 0.0272217840023 28.9859 0.00495676
3975.0 28.1523 0.027050749547 28.9853 0.00507755
3980.0 28.15032 0.0271191129624 28.986 0.00519375
3985.0 28.15302 0.0271574062137 28.9872 0.00532202
3990.0 28.15554 0.0272346940516 28.986 0.00541739
3995.0 28.15968 0.0274541151319 28.9862 0.00543904
4000.0 28.15914 0.027612347617 28.9865 0.00542418
4005.0 28.15824 0.0276299984925 28.9863 0.00531017
4010.0 28.15788 0.0275999632562 28.9879 0.00515056
4015.0 28.15806 0.0276590503946 28.9876 0.00505012
4020.0 28.16094 0.0274043251659 28.9881 0.00502677
4025.0 28.16058 0.0272227892538 28.9871 0.00517337
4030.0 28.16184 0.027085301182 28.9881 0.00518375
4035.0 28.16508 0.027453259042 28.988 0.00493693
4040.0 28.16688 0.0272444850171 28.9882 0.005015
4045.0 28.16616 0.0271922779057 28.9883 0.00511549
4050.0 28.16688 0.0273588940473 28.9885 0.00503939
4055.0 28.16652 0.0270289614305 28.9893 0.0051422
4060.0 28.16382 0.026787821692 28.9895 0.00490089
4065.0 28.16166 0.0265684436921 28.9894 0.00502295
4070.0 28.16292 0.0265889814538 28.9891 0.00491354
4075.0 28.1631 0.026605185477 28.989 0.00478498
4080.0 28.1613 0.026242975125 28.9896 0.00510479
4085.0 28.16238 0.0264139444918 28.9905 0.00528434
4090.0 28.1604 0.0264462628897 28.9907 0.00534995
4095.0 28.1595 0.0266008785377 28.9914 0.00518025
4100.0 28.16094 0.0262236261592 28.9919 0.00513073
4105.0 28.16238 0.025994901644 28.9915 0.00513419
4110.0 28.16238 0.0258914764086 28.9914 0.00495375
4115.0 28.16058 0.0258880696713 28.9906 0.00477381
4120.0 28.15824 0.0259390321386 28.9919 0.00473942
4125.0 28.15896 0.0255886677276 28.9918 0.00516437
4130.0 28.15734 0.0254110931093 28.9917 0.00499191
4135.0 28.15788 0.0256822728316 28.9927 0.00506465
4140.0 28.15626 0.025954143321 28.9933 0.00505212
4145.0 28.15698 0.025721746439 28.9926 0.00501502
4150.0 28.15482 0.0259807667895 28.9928 0.00503024
4155.0 28.15338 0.0256216070941 28.993 0.00493328
4160.0 28.15482 0.0257185806017 28.9932 0.00513541
4165.0 28.15554 0.0261417273653 28.9934 0.0050884
4170.0 28.15644 0.0260740641373 28.9945 0.00524249
4175.0 28.1568 0.0260572072513 28.9947 0.00527272
4180.0 28.15626 0.0260152761336 28.993 0.00531528
4185.0 28.15626 0.0261902168764 28.9949 0.0052912
4190.0 28.15752 0.0262821226892 28.9962 0.00539683
4195.0 28.15644 0.0263757222625 28.9967 0.00531698
4200.0 28.15266 0.0266110200595 28.998 0.00516775
4205.0 28.15392 0.0269038315861 28.9981 0.00496812
4210.0 28.15482 0.0269750563448 28.9973 0.00500351
4215.0 28.15374 0.0271346779723 28.9967 0.00509519
4220.0 28.15266 0.0270288504803 28.9976 0.00523768
4225.0 28.15194 0.0271625647415 28.9976 0.00520216
4230.0 28.15284 0.0271640526946 28.9981 0.00513849
4235.0 28.15518 0.0272809273185 28.9986 0.00508784
4240.0 28.15734 0.0272826303922 28.9979 0.00537261
4245.0 28.15572 0.0275454325944 28.9978 0.00522868
4250.0 28.15428 0.0274539321581 28.9988 0.00521881
4255.0 28.15122 0.027644071014 28.9999 0.00513348
4260.0 28.15158 0.0274280972582 28.9991 0.00515017
4265.0 28.15212 0.0276188538522 28.9984 0.0050353
4270.0 28.15266 0.0273248631542 28.9974 0.00500275
4275.0 28.14852 0.0272389907739 28.9972 0.00526226
4280.0 28.14942 0.0273832152188 28.997 0.00520753
4285.0 28.14996 0.0276008249394 28.996 0.00526343
4290.0 28.1514 0.0275853451273 28.9968 0.00509019
4295.0 28.15338 0.0274622355239 28.996 0.0050793
4300.0 28.15446 0.0279602319588 28.9957 0.00498031
4305.0 28.15194 0.0279226981322 28.9972 0.00472096
4310.0 28.15392 0.0280358107564 28.9969 0.00461618
4315.0 28.15104 0.0282827976927 28.9961 0.00461273
4320.0 28.1514 0.0280285445781 28.9967 0.00435976
4325.0 28.15248 0.0279011291698 28.9979 0.00443758
4330.0 28.15212 0.0281780859365 28.9967 0.00457037
4335.0 28.15086 0.0279287417068 28.9959 0.00455891
4340.0 28.1523 0.0280692089098 28.9967 0.0045824
4345.0 28.15122 0.0280362286413 28.9967 0.00463083
4350.0 28.1532 0.0279913198419 28.9974 0.00455832
4355.0 28.15266 0.0283001470164 28.9981 0.00433048
4360.0 28.15554 0.0284938462782 28.9974 0.0043025
4365.0 28.15302 0.0282148934648 28.9979 0.00432436
4370.0 28.15032 0.0284662106163 28.996 0.00419387
4375.0 28.15086 0.0281882506546 28.9958 0.004289
4380.0 28.15266 0.0277263720742 28.9958 0.00437296
4385.0 28.15626 0.0280172273655 28.9967 0.00473197
4390.0 28.15824 0.027846785246 28.9966 0.00468703
4395.0 28.15842 0.0278192173477 28.997 0.00456106
4400.0 28.15968 0.0278026686283 28.9976 0.00456152
4405.0 28.15644 0.0280174072094 28.9967 0.00462965
4410.0 28.15878 0.0279857654852 28.9971 0.00492722
4415.0 28.15716 0.0283392240345 28.9975 0.00507359
4420.0 28.15554 0.0285113551119 28.9972 0.0049169
4425.0 28.1559 0.0285320440094 28.9968 0.00479496
4430.0 28.15482 0.0286873532359 28.9963 0.00486192
4435.0 28.15518 0.0287004750788 28.9972 0.00499589
4440.0 28.15752 0.0286591987964 28.9981 0.00518025
4445.0 28.15698 0.0287186031433 28.9991 0.00506003
4450.0 28.15734 0.0288262443107 28.9984 0.00528812
4455.0 28.15446 0.0287660780183 28.9989 0.00508161
4460.0 28.15482 0.0287422535695 28.9988 0.00503191
4465.0 28.15644 0.028588228069 28.9988 0.0050698
4470.0 28.15932 0.0286547723248 28.9993 0.00529392
4475.0 28.16112 0.0287798859149 28.9994 0.00529442
4480.0 28.16058 0.0285680441438 28.9982 0.00528739
4485.0 28.1595 0.028662223678 28.9975 0.00535676
4490.0 28.16202 0.0286784030865 28.9974 0.00541185
4495.0 28.16148 0.0284015676495 28.9977 0.00563289
4500.0 28.1613 0.0285843464278 28.9983 0.005479
4505.0 28.16292 0.0287766477107 28.997 0.00536557
4510.0 28.16454 0.0288999522972 28.9974 0.0055119
4515.0 28.16166 0.0288580336735 28.997 0.0058055
4520.0 28.16274 0.0289770857194 28.9978 0.00573438
4525.0 28.15842 0.0289061199846 28.9984 0.00557349
4530.0 28.15968 0.0290621501425 28.9991 0.00545418
4535.0 28.16184 0.0288266082846 28.9997 0.00539222
4540.0 28.16292 0.0287527574395 28.9996 0.00544003
4545.0 28.16364 0.0286159249278 28.9996 0.00550803
4550.0 28.16274 0.028829737815 28.9997 0.00552283
4555.0 28.164 0.028826254647 29.0 0.00538772
4560.0 28.16616 0.0289665744471 29.0003 0.00542023
4565.0 28.1649 0.0290806061084 28.9998 0.00528656
4570.0 28.16364 0.0291511584364 28.9988 0.00527302
4575.0 28.16364 0.0292649716056 28.9996 0.00537309
4580.0 28.16076 0.028903129046 28.9991 0.00552927
4585.0 28.15914 0.0288256776891 29.0002 0.00553543
4590.0 28.16382 0.0286086860549 28.9992 0.00563428
4595.0 28.16454 0.0285683044997 28.9973 0.00559943
4600.0 28.1631 0.0286291833905 28.9966 0.00579438
4605.0 28.16022 0.0289595661086 28.9957 0.00577089
4610.0 28.16094 0.0289202257631 28.9959 0.00578699
4615.0 28.16328 0.0288492736112 28.9954 0.00563235
4620.0 28.16256 0.02864036435 28.995 0.00589887
4625.0 28.16274 0.0287255704143 28.9946 0.00589451
4630.0 28.16274 0.0283454039177 28.9946 0.00577415
4635.0 28.1613 0.0282055188129 28.9958 0.0056235
4640.0 28.16004 0.0280956412954 28.9961 0.00549473
4645.0 28.16148 0.0279129343802 28.9962 0.00572277
4650.0 28.16238 0.0280467870898 28.9963 0.00567435
4655.0 28.16058 0.0283040679195 28.9953 0.00543836
4660.0 28.15752 0.0284390002357 28.9957 0.0053376
4665.0 28.15662 0.0284845418915 28.996 0.00529429
4670.0 28.15734 0.0286683662747 28.9972 0.00508656
4675.0 28.15914 0.0285928643244 28.9977 0.00520172
4680.0 28.15842 0.0283260923522 28.9981 0.00533068
4685.0 28.15752 0.0284180784048 28.9973 0.00555639
4690.0 28.15824 0.0286008648362 28.998 0.00557209
4695.0 28.16112 0.0284749545108 28.999 0.00546029
4700.0 28.1595 0.0285246720696 28.9977 0.00593565
4705.0 28.1595 0.0290509887419 28.9978 0.00565911
4710.0 28.16058 0.0294018172772 28.9972 0.00540928
4715.0 28.16274 0.0291563367451 28.9974 0.00539041
4720.0 28.16256 0.029244445564 28.9972 0.00548614
4725.0 28.15968 0.0293336924576 28.9976 0.00573019
4730.0 28.16094 0.0294800821603 28.9984 0.00567559
4735.0 28.1613 0.0295221413853 28.9984 0.00564266
4740.0 28.16202 0.0297254143101 28.9986 0.00565824
4745.0 28.16076 0.0300339694416 28.9996 0.0055208
4750.0 28.15824 0.0301125851954 28.9988 0.00538733
4755.0 28.15752 0.0302234395156 28.9992 0.00525014
4760.0 28.15824 0.0301553193398 28.9972 0.00513646
4765.0 28.15734 0.0301870520822 28.9958 0.0049515
4770.0 28.15734 0.0301573757597 28.9953 0.00515956
4775.0 28.1595 0.030260760332 28.9957 0.00521648
4780.0 28.16076 0.0303558160258 28.9944 0.00520619
4785.0 28.15824 0.0302556258733 28.9942 0.00547718
4790.0 28.1595 0.0303306490133 28.9948 0.00548019
4795.0 28.1586 0.0298856271666 28.9944 0.00537854
4800.0 28.16004 0.0297998328213 28.9938 0.00539219
4805.0 28.15788 0.0299038923202 28.9924 0.00523212
4810.0 28.15662 0.0301087197303 28.9924 0.0049241
4815.0 28.15644 0.0299024366351 28.993 0.00483675
4820.0 28.1577 0.0299921459995 28.9913 0.00478699
4825.0 28.15734 0.0302443273848 28.9914 0.00492703
4830.0 28.15698 0.0300942459866 28.9921 0.00473215
4835.0 28.15788 0.0305664184535 28.9924 0.00455796
4840.0 28.15824 0.0306375622891 28.9921 0.00479658
4845.0 28.15914 0.0304512165103 28.9922 0.00492432
4850.0 28.15788 0.0306667247617 28.9933 0.00501349
4855.0 28.15788 0.0305805147542 28.9931 0.00497055
4860.0 28.15932 0.030332247177 28.9918 0.00504341
4865.0 28.1559 0.0304322018729 28.9911 0.00524176
4870.0 28.155 0.0302740068775 28.991 0.00512182
4875.0 28.15518 0.0302477776861 28.9914 0.00513558
4880.0 28.1577 0.0299259676516 28.9924 0.00505291
4885.0 28.15842 0.0301958616529 28.9922 0.00498519
4890.0 28.16058 0.0302409322565 28.99 0.00506027
4895.0 28.16112 0.0305973067605 28.9917 0.00501359
4900.0 28.16004 0.0307809485696 28.9929 0.00520383
4905.0 28.1613 0.0308246673562 28.9937 0.00479758
4910.0 28.16166 0.0307874917765 28.9933 0.00468328
4915.0 28.16166 0.03068154445 28.9929 0.00475564
4920.0 28.16382 0.0310550041942 28.9927 0.00492098
4925.0 28.1667 0.0310821237278 28.9935 0.00488678
4930.0 28.16598 0.0308053859684 28.9928 0.00486887
4935.0 28.1631 0.030399736404 28.994 0.00464829
4940.0 28.16346 0.0302661077141 28.9931 0.00466723
4945.0 28.1595 0.0302994884547 28.9938 0.00461106
4950.0 28.15986 0.0302670604082 28.9935 0.00461269
4955.0 28.15914 0.0305083440727 28.9936 0.00452102
4960.0 28.1577 0.0306666903265 28.9932 0.00461792
4965.0 28.15788 0.0308940461583 28.9936 0.00457819
4970.0 28.15644 0.0311869690452 28.9944 0.00459881
4975.0 28.15446 0.0313443105962 28.9947 0.00457874
4980.0 28.15428 0.0315126853077 28.9925 0.00490738
4985.0 28.15392 0.0313480628232 28.9921 0.00486344
4990.0 28.15428 0.0310136874704 28.9918 0.00480411
4995.0 28.1559 0.0309788348239 28.9913 0.00486791
5000.0 28.15626 0.0311679413041 28.9916 0.00480994
