# Auto-collated output:
# x: Time (s)
# y: Concentration (uM)
# columns: Data
#     ['[F-actin]', '[F-actin] error', '[Pi]', '[Pi] error']

0.0 -0.0006 -0.0 0.0 0.0
1.0 0.6897 0.00114013450558 0.0 0.0
2.0 1.3548 0.0027164568928 0.00054 0.000364472
3.0 2.0019 0.0047654271443 0.00144 0.000755142
4.0 2.6463 0.00595507023004 0.0027 0.000853815
5.0 3.27324 0.00865383712411 0.00288 0.000812994
6.0 3.88344 0.00949726979821 0.00414 0.000919587
7.0 4.4652 0.0124341304644 0.00666 0.00113984
8.0 5.02878 0.0137803722933 0.00828 0.00169238
9.0 5.60388 0.014573426023 0.0135 0.00251034
10.0 6.14496 0.013932170396 0.01512 0.00226543
11.0 6.69378 0.0155118463317 0.02196 0.00374815
12.0 7.2264 0.0168672712357 0.03168 0.00492424
13.0 7.7547 0.0188974575044 0.04302 0.00623772
14.0 8.27508 0.0173286682072 0.05544 0.00697044
15.0 8.76882 0.0177444391895 0.0666 0.00778383
16.0 9.26256 0.0181052067931 0.08244 0.00909241
17.0 9.73524 0.0186293458203 0.09954 0.00871858
18.0 10.1919 0.0183945921928 0.12006 0.00676403
19.0 10.63434 0.0209523413825 0.1422 0.0078831
20.0 11.07588 0.0182083142673 0.16632 0.00982345
21.0 11.50608 0.0165977830419 0.19008 0.00934684
22.0 11.93628 0.0153300809048 0.22086 0.0105819
23.0 12.35496 0.019314893337 0.26172 0.0113449
24.0 12.74574 0.0166599181654 0.29826 0.0133711
25.0 13.13598 0.0195668781675 0.3429 0.0155202
26.0 13.51128 0.0184192715311 0.39276 0.0161916
27.0 13.87956 0.0218039867159 0.44406 0.0195232
28.0 14.24478 0.0241919732891 0.49554 0.020863
29.0 14.57634 0.0250548097789 0.5544 0.0242486
30.0 14.92662 0.0268121685877 0.6192 0.0260011
31.0 15.26646 0.0245653463656 0.69444 0.0298765
32.0 15.59262 0.0236229642309 0.75402 0.0325043
33.0 15.91716 0.0228992351364 0.82944 0.0343076
34.0 16.23324 0.0223975552331 0.91458 0.0355895
35.0 16.53924 0.0232172530266 0.9927 0.0365336
36.0 16.83714 0.0216025736246 1.0746 0.0387807
37.0 17.12298 0.0209855508537 1.16154 0.0384384
38.0 17.4108 0.0208360663355 1.25406 0.0409452
39.0 17.7024 0.0208811154313 1.3491 0.0467822
40.0 17.98608 0.0221301831866 1.4445 0.0485675
41.0 18.24726 0.0197696824067 1.55502 0.0519826
42.0 18.50124 0.018964457399 1.66176 0.0543664
43.0 18.76548 0.0207809285046 1.7775 0.0543053
44.0 19.0272 0.0202486958803 1.9008 0.0581876
45.0 19.27524 0.0186079684135 2.01474 0.0535735
46.0 19.51698 0.01700096495 2.14164 0.0552127
47.0 19.75026 0.0170143512194 2.2599 0.0577221
48.0 19.98318 0.0173826851209 2.39292 0.0559607
49.0 20.19576 0.0159820883907 2.52144 0.0543748
50.0 20.41608 0.0146292795982 2.66166 0.0534682
51.0 20.63622 0.0158381757821 2.80566 0.0562546
52.0 20.8488 0.0164233920032 2.95506 0.0553763
53.0 21.04644 0.0157958253915 3.10086 0.0539826
54.0 21.24822 0.0153331245177 3.25152 0.0533682
55.0 21.44964 0.014976686697 3.4029 0.0515405
56.0 21.64386 0.0165341011688 3.56472 0.0509341
57.0 21.83736 0.0173671485389 3.72654 0.0492655
58.0 22.017 0.0165408282172 3.8961 0.0483763
59.0 22.19628 0.0185511227473 4.04928 0.0557914
60.0 22.37142 0.0180678536418 4.21398 0.0593779
61.0 22.5507 0.0166314877956 4.38894 0.0603621
62.0 22.71774 0.0158958537019 4.55472 0.0600241
63.0 22.88424 0.0156933052481 4.74372 0.0620649
64.0 23.04138 0.0125389087486 4.92732 0.0630592
65.0 23.19834 0.0131959516725 5.09994 0.0602385
66.0 23.34684 0.0123030936028 5.28066 0.0619148
67.0 23.49498 0.0098808936248 5.4774 0.0619346
68.0 23.6379 0.00914344780013 5.67882 0.0622688
69.0 23.78532 0.00811643823554 5.86602 0.0581461
70.0 23.92356 0.00855448378265 6.05088 0.0586972
71.0 24.06576 0.00797212158504 6.2478 0.0580416
72.0 24.20004 0.00590427146207 6.44616 0.0587483
73.0 24.33378 0.00743450903734 6.63858 0.0598155
74.0 24.44862 0.00716979242399 6.83694 0.0594044
75.0 24.56922 0.00696359131435 7.04412 0.0581627
76.0 24.68658 0.0076690855248 7.24734 0.057577
77.0 24.8025 0.00694265637546 7.45452 0.0544399
78.0 24.91932 0.00826315099766 7.67772 0.0570729
79.0 25.0275 0.0107152400928 7.8921 0.0595412
80.0 25.1436 0.0129148614757 8.11296 0.0589124
81.0 25.25088 0.0126076380249 8.33634 0.058405
82.0 25.36014 0.0126245383342 8.56458 0.0576587
83.0 25.46688 0.0141017661856 8.75574 0.0618813
84.0 25.5657 0.0152710465315 8.9739 0.0620257
85.0 25.662 0.0166722760659 9.19728 0.0646504
86.0 25.75506 0.0182983455132 9.42264 0.0655402
87.0 25.8519 0.0174313873714 9.65088 0.0680668
88.0 25.94586 0.0169446229605 9.88902 0.0657202
89.0 26.03766 0.016877293266 10.1146 0.0676703
90.0 26.12928 0.0174010265938 10.3415 0.0668346
91.0 26.21262 0.017247021901 10.5313 0.0646057
92.0 26.30352 0.0142693488777 10.7491 0.067004
93.0 26.38434 0.0134967045275 10.9793 0.0642921
94.0 26.4657 0.013823029314 11.1859 0.0651223
95.0 26.54022 0.0138756291001 11.4071 0.0646609
96.0 26.61474 0.0150571511188 11.6325 0.0637694
97.0 26.69556 0.0149688369516 11.8472 0.0631678
98.0 26.7753 0.01450832023 12.0731 0.0611455
99.0 26.84568 0.0132393973643 12.3016 0.0616172
100.0 26.91156 0.0132724466349 12.5221 0.0635316
101.0 26.97492 0.0139585941749 12.7449 0.066606
102.0 27.0426 0.0119115751296 12.978 0.0680519
103.0 27.10902 0.0121505339736 13.2075 0.0713705
104.0 27.17832 0.0122926590021 13.433 0.0742634
105.0 27.23934 0.0128324620278 13.6555 0.0750603
106.0 27.3009 0.0129141424913 13.8866 0.071733
107.0 27.36012 0.0141662515202 14.0962 0.0738284
108.0 27.41916 0.0140722751937 14.3082 0.0711649
109.0 27.47586 0.013683193091 14.5235 0.0703347
110.0 27.52626 0.0126338789904 14.7436 0.073726
111.0 27.57918 0.0115718839615 14.9553 0.0744135
112.0 27.6294 0.0130055015259 15.17 0.0741896
113.0 27.6798 0.0125699813686 15.3814 0.0731676
114.0 27.73002 0.011889152292 15.5887 0.0735173
115.0 27.78078 0.0121482200435 15.7972 0.0728112
116.0 27.82722 0.0114590771055 16.0081 0.0728309
117.0 27.8733 0.0117269594647 16.2333 0.0744575
118.0 27.92064 0.011671469946 16.4452 0.077116
119.0 27.96708 0.0114572755873 16.654 0.0743449
120.0 28.0056 0.0109998027389 16.8557 0.0763917
121.0 28.04646 0.0112007757353 17.0307 0.0747047
122.0 28.0911 0.0101623646033 17.2301 0.0756317
123.0 28.13178 0.00972496649235 17.4346 0.0759043
124.0 28.1694 0.00922902137744 17.6272 0.0766274
125.0 28.20612 0.00889867062839 17.8144 0.0778892
126.0 28.24014 0.0085645016878 17.9984 0.0819743
127.0 28.27326 0.00997209033175 18.1827 0.0848872
128.0 28.31124 0.00941175180367 18.3733 0.0857281
129.0 28.34922 0.0087899532495 18.567 0.086548
130.0 28.38666 0.00993471434124 18.7587 0.0876303
131.0 28.41906 0.00942092797612 18.9412 0.0904265
132.0 28.44876 0.0111393613963 19.1234 0.0919342
133.0 28.4871 0.0109910590168 19.3055 0.0950656
134.0 28.51932 0.0112260153742 19.4663 0.100538
135.0 28.55064 0.0104855939476 19.6394 0.100798
136.0 28.58106 0.0108326914038 19.8155 0.10021
137.0 28.6113 0.0095002729113 19.9886 0.101875
138.0 28.64082 0.00905364166454 20.1532 0.0985476
139.0 28.66548 0.00894359522794 20.3287 0.0991433
140.0 28.69302 0.00899757275063 20.5013 0.100006
141.0 28.71768 0.00850171434617 20.6422 0.100452
142.0 28.74504 0.00841291438946 20.812 0.101649
143.0 28.77312 0.00959534937486 20.9693 0.0992273
144.0 28.79832 0.00918083124487 21.1306 0.100154
145.0 28.82388 0.00907769115224 21.2877 0.103349
146.0 28.85106 0.00910321522053 21.4411 0.100649
147.0 28.8759 0.00855676278641 21.5892 0.104042
148.0 28.89444 0.00839665945727 21.7417 0.101382
149.0 28.91694 0.00835067705303 21.8878 0.0984366
150.0 28.94052 0.0087651993129 22.0334 0.0984673
151.0 28.96338 0.00820365919901 22.1796 0.0974833
152.0 28.983 0.00886778393054 22.3324 0.0965758
153.0 29.00244 0.0101764621979 22.4773 0.0980831
154.0 29.02206 0.0109470356515 22.6116 0.0943938
155.0 29.03952 0.012020049623 22.7495 0.0945174
156.0 29.05878 0.0122274964693 22.8598 0.0904773
157.0 29.07804 0.012291268021 22.9883 0.0906278
158.0 29.09298 0.0119164061755 23.1293 0.0889922
159.0 29.10792 0.0126969653211 23.2686 0.086457
160.0 29.12682 0.0121776253962 23.4011 0.0871866
161.0 29.14302 0.0121531523756 23.5307 0.085476
162.0 29.15688 0.0122122089222 23.6659 0.083771
163.0 29.17218 0.0122919800069 23.7843 0.0838654
164.0 29.18838 0.0122313303857 23.9071 0.0836719
165.0 29.20458 0.0121868246583 24.03 0.0816803
166.0 29.21916 0.0120689905992 24.1524 0.0809336
167.0 29.23266 0.0127742439445 24.2536 0.0856429
168.0 29.24922 0.011972107572 24.374 0.0836214
169.0 29.26722 0.0116675571249 24.4892 0.0844894
170.0 29.28252 0.0113658108369 24.6017 0.0837173
171.0 29.29422 0.0121822027559 24.7124 0.0852978
172.0 29.30754 0.0119399467496 24.8161 0.084703
173.0 29.31906 0.0121004757428 24.925 0.0837934
174.0 29.33058 0.0125992190854 25.0229 0.0806815
175.0 29.34066 0.0124942251969 25.1215 0.0813975
176.0 29.3538 0.0125129446192 25.214 0.0810231
177.0 29.36568 0.0123071726897 25.3163 0.0832232
178.0 29.3772 0.0113873644286 25.4014 0.0859742
179.0 29.38818 0.0113516275503 25.5006 0.0856361
180.0 29.39844 0.0111483946815 25.5976 0.0829272
181.0 29.41104 0.0109346553446 25.6891 0.0818539
182.0 29.41824 0.0117147292555 25.7845 0.081325
183.0 29.42976 0.0118765959096 25.8754 0.0825931
184.0 29.44092 0.0112913929376 25.9585 0.0817177
185.0 29.44794 0.0110087980436 26.0431 0.0825312
186.0 29.4564 0.0110011085355 26.1293 0.0828779
187.0 29.46378 0.0108200703926 26.2148 0.0803816
188.0 29.47098 0.0113195596323 26.3 0.0803677
189.0 29.4789 0.0124453737502 26.3803 0.0793676
190.0 29.49024 0.0117975767341 26.464 0.0783597
191.0 29.49996 0.0113891247139 26.5435 0.0767037
192.0 29.50662 0.0107125908065 26.6204 0.0770133
193.0 29.51562 0.0107777062283 26.6983 0.077375
194.0 29.52246 0.0110560937271 26.7687 0.0767304
195.0 29.53218 0.0108222474181 26.8429 0.0755503
196.0 29.54154 0.00922774219281 26.9145 0.0745301
197.0 29.54856 0.00857879566694 26.9807 0.0723282
198.0 29.55666 0.00888493815062 27.0511 0.0737496
199.0 29.56422 0.00824052561758 27.1107 0.070979
200.0 29.57142 0.00794199105749 27.1802 0.0713138
201.0 29.577 0.00811116116418 27.2416 0.0705539
202.0 29.5851 0.00834627703629 27.3078 0.0708679
203.0 29.59626 0.00819460376459 27.3548 0.0711483
204.0 29.604 0.0080819817998 27.4171 0.0700979
205.0 29.6094 0.00786591080311 27.4738 0.0684051
206.0 29.61426 0.00795407738517 27.5348 0.0674861
207.0 29.61966 0.00821208504906 27.5832 0.0644289
208.0 29.62524 0.00832008844677 27.6327 0.061996
209.0 29.63172 0.00816380426024 27.6872 0.06134
210.0 29.63982 0.00860581550465 27.7436 0.0616691
211.0 29.64558 0.00824434281827 27.794 0.0623619
212.0 29.64864 0.00855491291129 27.8442 0.0621957
213.0 29.65278 0.00803820274259 27.8955 0.0598982
214.0 29.658 0.00762504036042 27.9461 0.0574633
215.0 29.6643 0.00844877471936 27.9963 0.058195
216.0 29.66808 0.0079906603728 28.0206 0.060648
217.0 29.67276 0.00826557246912 28.0661 0.0603186
218.0 29.67906 0.0079823086384 28.1027 0.0573165
219.0 29.68536 0.00832023208256 28.1434 0.0571674
220.0 29.69328 0.00874731061556 28.1858 0.0569806
221.0 29.69742 0.00833331896347 28.2326 0.0570965
222.0 29.70156 0.00821793775237 28.2695 0.0566105
223.0 29.7066 0.0081804341967 28.3088 0.0560471
224.0 29.71002 0.00791431060169 28.3405 0.054203
225.0 29.7138 0.00727837591613 28.3748 0.051588
226.0 29.71848 0.00781415289347 28.4087 0.0514556
227.0 29.72298 0.00801626798164 28.4449 0.0508742
228.0 29.72478 0.00754944502166 28.4809 0.0513944
229.0 29.7273 0.00764052342147 28.5097 0.0510674
230.0 29.73054 0.00749782402755 28.539 0.0508187
231.0 29.7363 0.00704199199537 28.571 0.0497053
232.0 29.7399 0.00683191654076 28.6007 0.0489686
233.0 29.7408 0.00677506388074 28.6299 0.0477338
234.0 29.74494 0.00686421000988 28.66 0.0470195
235.0 29.74818 0.00715998838328 28.6929 0.0465872
236.0 29.75016 0.00659010112319 28.7253 0.0452937
237.0 29.75484 0.00665464169982 28.7568 0.0435793
238.0 29.75556 0.00673178313952 28.7888 0.0437602
239.0 29.75844 0.00648745316679 28.8128 0.041369
240.0 29.76186 0.00657774301397 28.8385 0.0418051
241.0 29.76546 0.00619848473379 28.8693 0.0405102
242.0 29.76888 0.00664301914092 28.8963 0.0408955
243.0 29.77176 0.00665190572103 28.9177 0.0390141
244.0 29.7732 0.00642612140807 28.9363 0.038667
245.0 29.77518 0.00644520415735 28.9546 0.0405224
246.0 29.77752 0.00669382961136 28.9796 0.0398909
247.0 29.77986 0.00669340844827 29.007 0.0400442
248.0 29.78022 0.00642794855218 29.0239 0.0394066
249.0 29.78364 0.00680909101699 29.0459 0.0395781
250.0 29.78544 0.00702974018816 29.0684 0.0380072
251.0 29.78922 0.00722095942609 29.0875 0.0365928
252.0 29.7903 0.00724211354751 29.1062 0.0348536
253.0 29.79192 0.00681072680988 29.1222 0.0342681
254.0 29.79354 0.00704681129689 29.1389 0.0349886
255.0 29.79462 0.0068674502259 29.1573 0.0337837
256.0 29.79642 0.00648762736094 29.1749 0.0326213
257.0 29.79876 0.00597374624877 29.1958 0.0323434
258.0 29.80164 0.00614793488114 29.2097 0.0318332
259.0 29.80524 0.00531361809664 29.2212 0.0327392
260.0 29.80416 0.0053724114083 29.2334 0.0323778
261.0 29.80668 0.00569463929001 29.2496 0.0325166
262.0 29.80848 0.00553474319653 29.2601 0.0335334
263.0 29.8092 0.00557438333286 29.2698 0.032967
264.0 29.8101 0.00550244294247 29.2822 0.0332279
265.0 29.81226 0.00572175962306 29.2945 0.0323059
266.0 29.81352 0.00566718207571 29.3062 0.031132
267.0 29.8137 0.00579665297424 29.3225 0.0310092
268.0 29.81622 0.00553600290187 29.3319 0.0309027
269.0 29.8191 0.00568733455358 29.3438 0.0313453
270.0 29.82 0.00536953305528 29.3569 0.0302027
271.0 29.82216 0.00496456575885 29.369 0.0302747
272.0 29.82252 0.00507374251771 29.3782 0.0291942
273.0 29.82612 0.00532014577837 29.3899 0.0295793
274.0 29.82756 0.00513809924398 29.4003 0.03005
275.0 29.82918 0.00495412161516 29.4088 0.0297559
276.0 29.83044 0.00501879042657 29.4163 0.0296909
277.0 29.83296 0.00483191087992 29.4232 0.0304161
278.0 29.83476 0.00432682097927 29.4323 0.02973
279.0 29.8362 0.0046239441102 29.4406 0.0290503
280.0 29.83764 0.00467133852485 29.4507 0.028852
281.0 29.83872 0.00458597375796 29.4606 0.0288899
282.0 29.83926 0.00449121274218 29.468 0.0289206
283.0 29.83998 0.00448823356336 29.4746 0.0291587
284.0 29.83962 0.00476021585154 29.4797 0.028513
285.0 29.8407 0.00468318325741 29.4883 0.0269005
286.0 29.84088 0.00445182360321 29.4964 0.0263557
287.0 29.8443 0.00493092249991 29.5052 0.025287
288.0 29.84628 0.00462032392118 29.5155 0.0250973
289.0 29.84754 0.00460500963354 29.5202 0.0251761
290.0 29.84844 0.0049198564466 29.5267 0.0251293
291.0 29.84934 0.00451142987407 29.5351 0.0237657
292.0 29.85096 0.00454000710554 29.5416 0.0239353
293.0 29.85078 0.0045678792985 29.5479 0.0233421
294.0 29.85222 0.00480750849653 29.5576 0.0223786
295.0 29.85366 0.00401072329821 29.5637 0.022882
296.0 29.8542 0.00424977587017 29.5713 0.0233407
297.0 29.85528 0.00423497857226 29.5798 0.0229552
298.0 29.85744 0.00424349810249 29.5884 0.0239691
299.0 29.85906 0.00421832645988 29.5965 0.023823
300.0 29.86068 0.00441685540365 29.603 0.0238857
301.0 29.8623 0.00446270029192 29.6077 0.0240582
302.0 29.86248 0.00408941629814 29.6152 0.0242078
303.0 29.86392 0.00410589180165 29.6212 0.0237529
304.0 29.86392 0.00402298976118 29.6305 0.0237712
305.0 29.86446 0.00427137905416 29.6408 0.0231361
306.0 29.86464 0.00462370721272 29.6478 0.0228352
307.0 29.86482 0.0043670904699 29.655 0.0224733
308.0 29.86554 0.00433924399131 29.6604 0.0218565
309.0 29.86626 0.00461523552453 29.6662 0.0223154
310.0 29.86734 0.00442135199033 29.6726 0.0220877
311.0 29.86752 0.00434524271591 29.6789 0.022022
312.0 29.86968 0.0044474909679 29.6829 0.021799
313.0 29.87076 0.00475325239867 29.6874 0.0219467
314.0 29.87184 0.00472483148697 29.695 0.0213067
315.0 29.87256 0.00479564519836 29.7014 0.021499
316.0 29.87364 0.00449083409969 29.7056 0.0212696
317.0 29.87346 0.00456648116561 29.7119 0.0205897
318.0 29.87472 0.00445266794718 29.7151 0.0205314
319.0 29.87724 0.00417458123754 29.72 0.0206184
320.0 29.87778 0.00433123705976 29.723 0.0211954
321.0 29.87886 0.0045369992199 29.7279 0.0209501
322.0 29.87868 0.00428300653219 29.7317 0.020762
323.0 29.88066 0.00419212452092 29.7364 0.0205386
324.0 29.88084 0.0040434275765 29.7389 0.0209407
325.0 29.88066 0.00419212452092 29.7441 0.021409
326.0 29.88084 0.00397051603642 29.7482 0.0209633
327.0 29.8812 0.00385102321962 29.75 0.0208378
328.0 29.87976 0.00400991559725 29.7549 0.0209238
329.0 29.87922 0.00394579167136 29.7581 0.0206586
330.0 29.88102 0.00371711320486 29.7607 0.0209436
331.0 29.88174 0.00383378123734 29.765 0.0209566
332.0 29.88228 0.00379342432709 29.7686 0.020739
333.0 29.88336 0.0036151082663 29.7702 0.0207992
334.0 29.8848 0.00336532289085 29.7725 0.0201794
335.0 29.88444 0.00369504360888 29.7763 0.0203076
336.0 29.88426 0.00372080825436 29.7783 0.0198674
337.0 29.88462 0.0035754392949 29.7815 0.0194201
338.0 29.88678 0.00363160706562 29.7842 0.0191
339.0 29.8875 0.00358051875235 29.785 0.019284
340.0 29.8875 0.00349798053292 29.7895 0.0197247
341.0 29.88678 0.0029789341521 29.7922 0.0192941
342.0 29.88498 0.00286352316628 29.7972 0.0191816
343.0 29.88588 0.00293139939603 29.7997 0.0196179
344.0 29.88642 0.0029939786198 29.804 0.0200905
345.0 29.8857 0.00336701876593 29.808 0.0198735
346.0 29.88552 0.00370358049987 29.8096 0.0205223
347.0 29.88552 0.00427266217748 29.8116 0.0203726
348.0 29.88552 0.00441746972709 29.8136 0.0201334
349.0 29.88588 0.00498170453889 29.8152 0.0195513
350.0 29.8857 0.00479811154646 29.819 0.0193606
351.0 29.88678 0.0048688059195 29.8202 0.0194363
352.0 29.88714 0.00499458656863 29.8222 0.0196793
353.0 29.88678 0.00459332485351 29.8233 0.0193184
354.0 29.88732 0.00451811599609 29.8249 0.0196706
355.0 29.88606 0.00483451808291 29.8258 0.0189871
356.0 29.88696 0.00484729938242 29.8276 0.0190417
357.0 29.88678 0.00473306662296 29.8303 0.0189046
358.0 29.88606 0.00454707572761 29.8327 0.0191851
359.0 29.88372 0.0050444086322 29.8348 0.0190059
360.0 29.88354 0.00522749463015 29.8368 0.0186559
361.0 29.88408 0.00544707347752 29.8377 0.0186875
362.0 29.88408 0.00528373907289 29.8402 0.0182244
363.0 29.88282 0.00543155019529 29.8438 0.0186132
364.0 29.88336 0.00533282584076 29.8454 0.0181181
365.0 29.88462 0.00546047632107 29.8472 0.0179744
366.0 29.88354 0.0055364589512 29.8505 0.0180866
367.0 29.88156 0.00591225931372 29.8541 0.0181848
368.0 29.8803 0.00614132465874 29.8584 0.018455
369.0 29.87814 0.00656837007694 29.8604 0.017972
370.0 29.87598 0.00736004287963 29.8611 0.0178903
371.0 29.87436 0.00774769436584 29.8629 0.0173497
372.0 29.8731 0.00842677888422 29.8645 0.0166987
373.0 29.8722 0.00907812695469 29.8665 0.0164328
374.0 29.87076 0.00893788982931 29.8676 0.0165315
375.0 29.86968 0.00923796253445 29.8679 0.0161018
376.0 29.86878 0.00935211735485 29.8687 0.0159034
377.0 29.86662 0.0102110298366 29.8708 0.015695
378.0 29.86212 0.0104623388453 29.8737 0.0155244
379.0 29.86122 0.0108527786198 29.8746 0.0154486
380.0 29.85978 0.0110719544447 29.8751 0.0151821
381.0 29.85744 0.0119844629854 29.8755 0.0155014
382.0 29.85474 0.0125666643588 29.8777 0.0158646
383.0 29.85348 0.0123431983244 29.8787 0.0160312
384.0 29.85204 0.0124456889375 29.8805 0.0157148
385.0 29.84916 0.0119275392119 29.882 0.0155332
386.0 29.84484 0.0121492828719 29.8825 0.0149545
387.0 29.84304 0.0116970515249 29.8845 0.0144948
388.0 29.83926 0.0123528544779 29.8868 0.0143138
389.0 29.8362 0.0126755968811 29.8868 0.0144445
390.0 29.83494 0.012799023363 29.8885 0.0148018
391.0 29.83296 0.0129917661353 29.8877 0.0149282
392.0 29.83404 0.0128020308675 29.8897 0.0149827
393.0 29.83494 0.0127392284982 29.8908 0.0150728
394.0 29.83512 0.0127059570238 29.8928 0.0145175
395.0 29.83548 0.0128413682687 29.8942 0.0146176
396.0 29.83548 0.0126368662143 29.8942 0.0146508
397.0 29.83584 0.0125452058214 29.8969 0.013878
398.0 29.83512 0.0125082291435 29.8994 0.0140118
399.0 29.83458 0.0122730135639 29.9002 0.0140511
400.0 29.83332 0.0124901345165 29.9003 0.0138986
401.0 29.83206 0.0127372542414 29.9025 0.0143193
402.0 29.83134 0.0125810948645 29.9047 0.014303
403.0 29.82954 0.0129711810966 29.9057 0.0142577
404.0 29.82702 0.0132050413601 29.907 0.0143842
405.0 29.82504 0.0134997912277 29.9077 0.0141919
406.0 29.82468 0.0138922893696 29.9083 0.0139405
407.0 29.82144 0.0144569578273 29.9083 0.0129751
408.0 29.81964 0.0152549221162 29.9097 0.0132156
409.0 29.81622 0.0161673414001 29.9115 0.0129231
410.0 29.81532 0.0165226927126 29.9126 0.0129486
411.0 29.81352 0.0169293514887 29.9126 0.0133721
412.0 29.81118 0.0174826445473 29.9135 0.0123931
413.0 29.80974 0.017753414871 29.9142 0.0119154
414.0 29.80794 0.0179757462964 29.9153 0.0118314
415.0 29.80578 0.0179434628437 29.9173 0.0112123
416.0 29.80614 0.01798305628 29.9165 0.0111456
417.0 29.80506 0.0182862164996 29.9165 0.0112411
418.0 29.8038 0.0183987633271 29.9173 0.0116209
419.0 29.8029 0.0191298642654 29.918 0.0109621
420.0 29.7984 0.0197105748029 29.9187 0.0107887
421.0 29.79516 0.0203158216504 29.9203 0.0105087
422.0 29.7939 0.0206417017576 29.9198 0.0105156
423.0 29.79102 0.020883783844 29.9214 0.0103871
424.0 29.78886 0.0213854370819 29.9219 0.0103592
425.0 29.78544 0.0215645099384 29.9219 0.0101889
426.0 29.78436 0.0217312774419 29.9228 0.0101912
427.0 29.78094 0.0221119917617 29.923 0.01046
428.0 29.77752 0.0225668489775 29.9234 0.0102945
429.0 29.77662 0.0227522026978 29.9243 0.00999024
430.0 29.77392 0.0228814426857 29.9241 0.00994164
431.0 29.7714 0.0238397410507 29.9268 0.00971333
432.0 29.76852 0.0240391952046 29.9277 0.00985983
433.0 29.76276 0.0247219567365 29.9279 0.00985966
434.0 29.75934 0.0251928947104 29.9288 0.0096948
435.0 29.75664 0.0251083259176 29.9309 0.0094908
436.0 29.75358 0.0248643288197 29.9318 0.00960195
437.0 29.7507 0.0248889399622 29.9322 0.00964303
438.0 29.74746 0.0253651106331 29.9327 0.00942915
439.0 29.74674 0.0258200618739 29.9331 0.00948123
440.0 29.74476 0.0264063345089 29.9322 0.00917117
441.0 29.73936 0.0271271755929 29.9322 0.00911092
442.0 29.73396 0.0273815679439 29.932 0.0093477
443.0 29.7309 0.0282523304688 29.9338 0.00967473
444.0 29.72658 0.0287797314918 29.9349 0.00944014
445.0 29.72316 0.0292785002564 29.9351 0.00939869
446.0 29.72334 0.0294795182422 29.9351 0.00916481
447.0 29.71992 0.0302659623511 29.9351 0.00867817
448.0 29.71884 0.0305868713077 29.9351 0.00856921
449.0 29.71542 0.0316221765477 29.9353 0.00920661
450.0 29.7138 0.0320527452568 29.9362 0.00948653
451.0 29.71308 0.0316861545492 29.936 0.00970816
452.0 29.70966 0.0321652104898 29.9365 0.00978379
453.0 29.70642 0.0326141805732 29.9372 0.00948653
454.0 29.70318 0.0326315528587 29.9376 0.00881816
455.0 29.7012 0.0326040827367 29.939 0.00889061
456.0 29.69868 0.0323488985222 29.9381 0.008811
457.0 29.6958 0.032326808048 29.939 0.00891609
458.0 29.69328 0.0328110624206 29.9385 0.00850107
459.0 29.6877 0.0329927054947 29.9389 0.00812217
460.0 29.6841 0.0338832520613 29.9405 0.00874511
461.0 29.6814 0.0339809580941 29.9416 0.00877322
462.0 29.67798 0.0339416694949 29.9408 0.0089632
463.0 29.67492 0.0337063095527 29.9412 0.00883652
464.0 29.66862 0.0333017566878 29.9412 0.00877765
465.0 29.6625 0.0340400487066 29.9408 0.00823212
466.0 29.65854 0.0341746243556 29.9408 0.00844198
467.0 29.6526 0.0343800690907 29.9423 0.00811479
468.0 29.64522 0.0345783304771 29.9414 0.00811978
469.0 29.63838 0.0346967437568 29.9428 0.00760891
470.0 29.63442 0.0349366682854 29.9432 0.00781063
471.0 29.62704 0.0353416003759 29.9452 0.0078987
472.0 29.62218 0.0354618661588 29.945 0.00781892
473.0 29.61822 0.0358363114269 29.9452 0.00785757
474.0 29.61516 0.0370414762131 29.945 0.00787672
475.0 29.61282 0.0372705827871 29.9459 0.0080948
476.0 29.60814 0.0375806042402 29.9461 0.00790792
477.0 29.60616 0.0377352369733 29.9455 0.00783858
478.0 29.60418 0.0376876667458 29.9475 0.00714693
479.0 29.6022 0.038340528779 29.9473 0.0066048
480.0 29.6004 0.0383693201962 29.9477 0.00691163
481.0 29.59788 0.0387273576548 29.9486 0.00618556
482.0 29.595 0.0389561491783 29.9502 0.00560607
483.0 29.59068 0.0392598880698 29.9515 0.0055541
484.0 29.58456 0.0393381326411 29.9522 0.00560867
485.0 29.5806 0.0391198085142 29.9522 0.00547419
486.0 29.57682 0.0392319460225 29.9527 0.00563029
487.0 29.57106 0.0402679495596 29.9527 0.00569893
488.0 29.56656 0.0403656745148 29.9529 0.0054015
489.0 29.56152 0.0403492512968 29.9542 0.00529579
490.0 29.5572 0.0401176820229 29.954 0.00511941
491.0 29.5527 0.0399008955163 29.954 0.00471071
492.0 29.54856 0.0394992723322 29.9534 0.00459476
493.0 29.54262 0.039505711837 29.9556 0.0042899
494.0 29.53596 0.0392907171391 29.956 0.0043855
495.0 29.53236 0.0391929643234 29.9549 0.00469521
496.0 29.52876 0.03937168 29.9552 0.00448774
497.0 29.52444 0.039315505341 29.9556 0.00486333
498.0 29.51724 0.039573129008 29.9556 0.00476915
499.0 29.51184 0.0392197765816 29.9565 0.00461903
500.0 29.50644 0.040293018465 29.9581 0.00449784
501.0 29.50212 0.0398803792857 29.9572 0.00451402
502.0 29.49708 0.0403065633699 29.9576 0.00477899
503.0 29.49204 0.0403712101987 29.9581 0.00463268
504.0 29.487 0.0406633432665 29.9576 0.00447799
505.0 29.48394 0.0399035939797 29.9585 0.00458347
506.0 29.478 0.0397764556164 29.9588 0.00458064
507.0 29.4753 0.0407267182693 29.9588 0.00430347
508.0 29.47242 0.0410291907529 29.9581 0.00436625
509.0 29.4699 0.041084080985 29.9585 0.00487797
510.0 29.46558 0.0412732870841 29.9592 0.00453943
511.0 29.46324 0.0408366566001 29.9587 0.00439473
512.0 29.45766 0.0412723070882 29.9592 0.00487664
513.0 29.4555 0.041729385158 29.9597 0.00476949
514.0 29.451 0.0409623857883 29.9605 0.00404139
515.0 29.44686 0.0407988699865 29.9614 0.00406338
516.0 29.442 0.0416041328288 29.9628 0.00398447
517.0 29.4384 0.0414229448923 29.9632 0.00354376
518.0 29.43354 0.0411064483847 29.9626 0.00359505
519.0 29.4285 0.041626917889 29.9637 0.00352956
520.0 29.42364 0.0417519415248 29.9644 0.00325447
521.0 29.41896 0.0415893480678 29.9639 0.00311977
522.0 29.41572 0.0414067739181 29.9635 0.00358376
523.0 29.40942 0.0411482813597 29.9639 0.00335979
524.0 29.40582 0.041286160569 29.9642 0.00351623
525.0 29.4033 0.040516711404 29.965 0.00385049
526.0 29.39988 0.0409525770925 29.9657 0.00342663
527.0 29.39592 0.0410280304278 29.9653 0.00339814
528.0 29.3907 0.0410816557068 29.9642 0.00314666
529.0 29.38656 0.0419134272564 29.9646 0.0033771
530.0 29.38476 0.0422158351424 29.9646 0.00342473
531.0 29.38296 0.0425448435688 29.965 0.00357108
532.0 29.37774 0.0419876741092 29.9666 0.00341004
533.0 29.3745 0.0417858521537 29.9678 0.00312599
534.0 29.37 0.0416631012214 29.968 0.00291855
535.0 29.36262 0.0413985755358 29.9687 0.00252064
536.0 29.35686 0.0415445593452 29.968 0.00253857
537.0 29.35308 0.0414614534128 29.9691 0.00217867
538.0 29.35002 0.0408436473831 29.9704 0.00201729
539.0 29.34714 0.0405729183312 29.9711 0.00234967
540.0 29.34336 0.0394521080671 29.9705 0.00241562
541.0 29.3403 0.0399819215295 29.9713 0.00237505
542.0 29.3376 0.0405165824939 29.9714 0.00217197
543.0 29.33328 0.0408269896589 29.9716 0.00225468
544.0 29.33094 0.0404539028592 29.9727 0.00184005
545.0 29.32734 0.0410334409373 29.972 0.00204361
546.0 29.32284 0.0418329899734 29.9731 0.00211529
547.0 29.3205 0.0422067271372 29.972 0.00255131
548.0 29.3133 0.0427463025736 29.974 0.0022882
549.0 29.30628 0.0432280554012 29.9743 0.00229385
550.0 29.30106 0.043884282589 29.9729 0.00220748
551.0 29.29674 0.0440936905609 29.9732 0.0022016
552.0 29.29296 0.0441568155396 29.9741 0.00206883
553.0 29.28792 0.0440676797148 29.9743 0.00208676
554.0 29.28522 0.0435100544784 29.9741 0.00211529
555.0 29.28306 0.0430063618448 29.9752 0.00182591
556.0 29.28288 0.0428243595609 29.9749 0.00168951
557.0 29.27586 0.0431790439971 29.974 0.00162599
558.0 29.27082 0.0439671022634 29.9749 0.0018009
559.0 29.26632 0.0438001450395 29.974 0.00181434
560.0 29.2629 0.0436343664496 29.9738 0.00239407
561.0 29.25732 0.0425403231191 29.9745 0.00240487
562.0 29.25192 0.0426008231793 29.9758 0.00208054
563.0 29.24634 0.0427968917841 29.9758 0.00209605
564.0 29.24256 0.0429514288747 29.9754 0.00166925
565.0 29.24076 0.0433325773658 29.9756 0.0013337
566.0 29.23878 0.0427222737677 29.9752 0.00171615
567.0 29.23302 0.0425921034683 29.9758 0.00168471
568.0 29.22762 0.0434432089231 29.9761 0.00174887
569.0 29.22654 0.0438209183258 29.9761 0.00178554
570.0 29.22276 0.044306197442 29.9761 0.0018036
571.0 29.21844 0.0443353964381 29.9759 0.00176455
572.0 29.21448 0.0436619360461 29.9768 0.00170383
573.0 29.21016 0.0428903083443 29.977 0.00155781
574.0 29.208 0.0421525495706 29.9749 0.00154946
575.0 29.20674 0.0419454258561 29.9754 0.00150599
576.0 29.20206 0.0418655886346 29.9765 0.00130298
577.0 29.19774 0.0413404329743 29.977 0.00167796
578.0 29.19576 0.0407067123245 29.9774 0.00138143
579.0 29.1936 0.0404480373977 29.9783 0.00174887
580.0 29.18874 0.0397996375031 29.9783 0.00151028
581.0 29.18658 0.039964716172 29.9783 0.00102458
582.0 29.18172 0.0401505076597 29.9763 0.00122744
583.0 29.17758 0.0403639289369 29.9768 0.00116097
584.0 29.17416 0.0405473527141 29.9779 0.00132761
585.0 29.16984 0.0405319963908 29.9786 0.00141274
586.0 29.16498 0.0407374582308 29.9794 0.00107398
587.0 29.1594 0.0414973209092 29.9781 0.00114551
588.0 29.15778 0.0414327364873 29.9777 0.00141846
589.0 29.1549 0.0404091795417 29.9786 0.00118855
590.0 29.15148 0.0400038329388 29.9792 0.00125871
591.0 29.14824 0.0394983819428 29.9786 0.00147995
592.0 29.14626 0.0390389147524 29.9788 0.00147226
593.0 29.14014 0.0381396806324 29.9797 0.00122612
594.0 29.13456 0.0379357369458 29.9815 0.00163394
595.0 29.12898 0.0379782280322 29.9803 0.00188871
596.0 29.12286 0.0380504455917 29.9803 0.00152841
597.0 29.1198 0.0371618855066 29.9801 0.00159379
598.0 29.11494 0.0368641289586 29.9801 0.0011441
599.0 29.1117 0.0360021579961 29.9803 0.0013482
600.0 29.1081 0.0361348157856 29.981 0.00149411
601.0 29.1036 0.0360262633002 29.9812 0.00147995
602.0 29.0982 0.0359893055931 29.9822 0.00158564
603.0 29.09406 0.0353043801825 29.9822 0.00141274
604.0 29.08758 0.0357720336461 29.9815 0.0015526
605.0 29.08704 0.035556745703 29.9826 0.00164973
606.0 29.08236 0.0357149799936 29.9817 0.00153264
607.0 29.08254 0.0357494865693 29.9819 0.00157333
608.0 29.08128 0.035824574915 29.9813 0.00161097
609.0 29.07768 0.0364767645247 29.9817 0.00120075
610.0 29.07084 0.0369335056786 29.9824 0.000933574
611.0 29.06706 0.0361525074319 29.983 0.00101185
612.0 29.06382 0.0365622643737 29.9819 0.00144449
613.0 29.06058 0.0366916659162 29.9824 0.00149411
614.0 29.05536 0.0371273708281 29.9826 0.00160997
615.0 29.05104 0.0366071031954 29.9835 0.00185758
616.0 29.0505 0.0366048980922 29.9831 0.00176455
617.0 29.04654 0.0363359604891 29.9822 0.00181434
618.0 29.04384 0.035965262998 29.9819 0.0015526
619.0 29.03862 0.0356313425162 29.9835 0.00163493
620.0 29.03322 0.0359838948013 29.9835 0.00122744
621.0 29.0271 0.0353120910399 29.9828 0.0012327
622.0 29.02512 0.0356065775949 29.9844 0.00110959
623.0 29.02026 0.0358551019935 29.9835 0.001353
624.0 29.0163 0.0356527522369 29.983 0.00147995
625.0 29.01378 0.0350869241863 29.9831 0.00132395
626.0 29.01 0.0352345466838 29.9844 0.00148432
627.0 29.0055 0.035054632634 29.9831 0.00198898
628.0 29.00208 0.0355804048784 29.983 0.00168471
629.0 28.99686 0.0350990758638 29.9828 0.001619
630.0 28.99434 0.0346609823677 29.9835 0.00125355
631.0 28.99038 0.0348045326855 29.9831 0.00139544
632.0 28.98732 0.034763487997 29.9824 0.00109342
633.0 28.98156 0.0344671816598 29.9828 0.0012842
634.0 28.97958 0.0334886678988 29.983 0.00138962
635.0 28.97562 0.0332406396729 29.9837 0.00151028
636.0 28.9731 0.0333081420242 29.9842 0.00120613
637.0 28.9695 0.0333275625762 29.9857 0.000987542
638.0 28.96482 0.0336989708588 29.9849 0.00113984
639.0 28.96104 0.0331456201149 29.9857 0.00150706
640.0 28.9569 0.033853203814 29.986 0.00140469
641.0 28.95474 0.0329696338632 29.9857 0.00148541
642.0 28.95168 0.0326186502637 29.9857 0.00127406
643.0 28.94466 0.0325688367169 29.9853 0.00127914
644.0 28.9416 0.0328142460952 29.9858 0.0013661
645.0 28.9371 0.0324169467302 29.9846 0.00184357
646.0 28.93188 0.0319059304474 29.9846 0.00149411
647.0 28.92648 0.0321435811482 29.9864 0.00125871
648.0 28.92144 0.0318437266496 29.9864 0.00130918
649.0 28.91856 0.0324425958283 29.9853 0.00137674
650.0 28.91676 0.0321303958635 29.9849 0.00152841
651.0 28.9128 0.0321339625861 29.9857 0.00124837
652.0 28.90668 0.032692366045 29.9864 0.00180808
653.0 28.90632 0.0324268201225 29.9873 0.00148868
654.0 28.90326 0.0322977426127 29.9862 0.00152735
655.0 28.8993 0.0329028856203 29.986 0.0013337
656.0 28.89516 0.0327977400532 29.9858 0.00160594
657.0 28.89336 0.0327078105557 29.9855 0.00163394
658.0 28.88724 0.0330363024561 29.9849 0.00159074
659.0 28.88454 0.0327035595867 29.9851 0.00127787
660.0 28.88382 0.0329991149078 29.9862 0.00154842
661.0 28.88292 0.0328753844775 29.9867 0.00157024
662.0 28.8804 0.032688445724 29.9867 0.00148541
663.0 28.8768 0.0329004160528 29.9869 0.00159379
664.0 28.87284 0.0329710253181 29.9875 0.00152841
665.0 28.8669 0.0325053469348 29.9873 0.00161399
666.0 28.8642 0.0333064166235 29.9876 0.00141274
667.0 28.85988 0.0339953667894 29.9875 0.00132395
668.0 28.8552 0.0344162783351 29.9878 0.00169716
669.0 28.85106 0.034223949108 29.9873 0.00178554
670.0 28.84566 0.0350592178422 29.9871 0.00157436
671.0 28.8444 0.034758708941 29.9871 0.00130422
672.0 28.84188 0.0346790655026 29.988 0.00119398
673.0 28.8372 0.0344474464173 29.9866 0.00158564
674.0 28.83774 0.033974485253 29.9858 0.00188442
675.0 28.83162 0.0338956175431 29.9875 0.00139544
676.0 28.83036 0.0332168502107 29.9871 0.00161499
677.0 28.82658 0.0329151417108 29.9871 0.00130422
678.0 28.81902 0.032440187914 29.9867 0.00148541
679.0 28.8156 0.0316138805025 29.9875 0.00148541
680.0 28.81236 0.0312381449344 29.9875 0.00111105
681.0 28.8084 0.0316791098356 29.9869 0.00105573
682.0 28.80786 0.0323157160502 29.9867 0.0013482
683.0 28.80102 0.0320513184674 29.9876 0.00147995
684.0 28.79814 0.0318810960137 29.9871 0.000994083
685.0 28.79796 0.031989954118 29.9869 0.00095925
686.0 28.794 0.0324698900052 29.9878 0.00117897
687.0 28.79346 0.0323576183543 29.9887 0.00111542
688.0 28.79184 0.0320339160606 29.9896 0.00100058
689.0 28.7868 0.0314013850171 29.9896 0.00130918
690.0 28.78428 0.0308493434834 29.9882 0.0012327
691.0 28.7805 0.0316879672532 29.9885 0.00139544
692.0 28.77816 0.0315482582324 29.9885 0.00105111
693.0 28.77762 0.0317714254749 29.9878 0.00125871
694.0 28.77312 0.0318785508431 29.9893 0.00122215
695.0 28.76916 0.0312491264694 29.9891 0.0015526
696.0 28.76718 0.0310405424756 29.9896 0.0012327
697.0 28.76304 0.0305444218889 29.9887 0.00102458
698.0 28.76052 0.0297854581124 29.9885 0.00116792
699.0 28.75692 0.0289999689474 29.9887 0.00105573
700.0 28.75404 0.0285327382285 29.988 0.00154842
701.0 28.75278 0.0278805359423 29.9887 0.00125226
702.0 28.7517 0.027220777896 29.9885 0.000987542
703.0 28.75044 0.0270895212226 29.9885 0.00095417
704.0 28.74972 0.0267520988988 29.9885 0.00119534
705.0 28.7481 0.0267327769546 29.9878 0.00130918
706.0 28.74702 0.0268775009439 29.9871 0.00137674
707.0 28.7463 0.0266809624462 29.9876 0.00150168
708.0 28.74252 0.0268328446579 29.9875 0.00119534
709.0 28.7382 0.0270032460221 29.9891 0.00122612
710.0 28.73676 0.0269132201727 29.9878 0.00165854
711.0 28.73244 0.0263934378984 29.9885 0.00146343
712.0 28.73244 0.026745598579 29.9898 0.00141732
713.0 28.73136 0.026200137786 29.9896 0.00135778
714.0 28.72992 0.0263160551837 29.9889 0.00132883
715.0 28.7247 0.0268910184278 29.9907 0.00140007
716.0 28.7211 0.0272223229835 29.9907 0.00130422
717.0 28.71498 0.0266078956389 29.9914 0.00125871
718.0 28.71462 0.0263045507062 29.9907 0.00127914
719.0 28.71066 0.026588592985 29.9907 0.00117346
720.0 28.70652 0.0260540395768 29.9896 0.00149411
721.0 28.70436 0.0257005573042 29.99 0.00157847
722.0 28.70202 0.0252324207174 29.9903 0.00127406
723.0 28.69932 0.0242929038165 29.9903 0.00127406
724.0 28.69734 0.0244906160105 29.9907 0.00117346
725.0 28.69536 0.0233219769802 29.9909 0.00157333
726.0 28.69284 0.0234466732783 29.9912 0.00141274
727.0 28.69104 0.0234936100494 29.9914 0.00140469
728.0 28.68906 0.0236552961139 29.9893 0.00187148
729.0 28.68672 0.0232839928695 29.9884 0.00124187
730.0 28.68132 0.0225974397235 29.988 0.0015692
731.0 28.67592 0.0227120657673 29.9896 0.00159886
732.0 28.67448 0.0226444379269 29.9902 0.00156507
733.0 28.67106 0.0232683967161 29.99 0.0012327
734.0 28.66782 0.0230202599065 29.9903 0.00148541
735.0 28.66692 0.0224804178454 29.9889 0.00127914
736.0 28.6635 0.023331188498 29.9893 0.0010815
737.0 28.66134 0.023103603386 29.9902 0.0012155
738.0 28.6599 0.022244744071 29.9903 0.00116792
739.0 28.65954 0.0224704855979 29.9902 0.000945643
740.0 28.65648 0.0223911866232 29.9902 0.00113271
741.0 28.65054 0.0217039713545 29.9902 0.00126769
742.0 28.64982 0.0219841256933 29.9911 0.00129925
743.0 28.64928 0.0219666407697 29.9918 0.00109342
744.0 28.64388 0.0213295451546 29.9907 0.00117346
745.0 28.6401 0.0214121004323 29.9894 0.00126769
746.0 28.63794 0.0218761400913 29.9898 0.00127279
747.0 28.63506 0.0222580717086 29.9889 0.00140007
748.0 28.63038 0.0219906188114 29.9905 0.00125226
749.0 28.62516 0.0213930519121 29.9909 0.00108598
750.0 28.62048 0.0210990030946 29.9898 0.00113842
751.0 28.6194 0.0203637752301 29.9909 0.0011994
752.0 28.6185 0.0200063886988 29.9903 0.00163096
753.0 28.61742 0.0198910852204 29.9918 0.00115116
754.0 28.61364 0.0209630200547 29.9911 0.00157024
755.0 28.6095 0.0218655292394 29.9912 0.00143549
756.0 28.60374 0.0222330199448 29.9909 0.00137556
757.0 28.6014 0.0219398909702 29.9914 0.00120613
758.0 28.59852 0.0213683230352 29.9918 0.00115116
759.0 28.59618 0.0213122263043 29.9909 0.000889134
760.0 28.59276 0.0214074494912 29.9902 0.001293
761.0 28.5915 0.020058311591 29.9912 0.000755142
762.0 28.5897 0.0197063841137 29.9907 0.000774209
763.0 28.58718 0.0201867733848 29.9911 0.000675899
764.0 28.58772 0.0204901918499 29.9912 0.000796894
765.0 28.58232 0.0206412659049 29.9907 0.000926607
766.0 28.57944 0.020521147131 29.99 0.00103245
767.0 28.57908 0.020446867424 29.9903 0.00119534
768.0 28.57764 0.0190487350925 29.9912 0.00110374
769.0 28.57296 0.0190587557966 29.9912 0.000979306
770.0 28.56954 0.0186430257843 29.9912 0.00118855
771.0 28.56648 0.0184711636781 29.9927 0.000851916
772.0 28.56558 0.0179154625705 29.992 0.00118855
773.0 28.5627 0.01806747151 29.9912 0.0012155
774.0 28.56234 0.0179701480943 29.9912 0.00124187
775.0 28.55946 0.0180079133868 29.9909 0.00137556
776.0 28.55802 0.0176622136517 29.9909 0.00144449
777.0 28.55838 0.0172426326903 29.992 0.00126769
778.0 28.5582 0.0172701322704 29.9925 0.00105726
779.0 28.55334 0.0175669611367 29.9925 0.00102616
780.0 28.55118 0.0181178195595 29.9918 0.00103245
781.0 28.55136 0.0190143085471 29.9909 0.00117208
782.0 28.54848 0.0194731345348 29.9912 0.00131782
783.0 28.54812 0.0195706648392 29.9918 0.00142757
784.0 28.54614 0.018983808541 29.9914 0.0012327
785.0 28.54632 0.0195262754507 29.9925 0.00120075
786.0 28.54236 0.0187000335488 29.9918 0.00103245
787.0 28.53966 0.0188860869494 29.9927 0.000633845
788.0 28.53498 0.0185634054274 29.9929 0.000722246
789.0 28.53372 0.0189089027442 29.9927 0.000812994
790.0 28.53156 0.0191326327718 29.9936 0.000739973
791.0 28.53372 0.0193677231295 29.9936 0.000782534
792.0 28.53048 0.0191998785788 29.9925 0.00102616
793.0 28.52706 0.0194261281916 29.9927 0.000992452
794.0 28.52652 0.0199163931302 29.9914 0.00103245
795.0 28.5258 0.0192497470132 29.9912 0.000945643
796.0 28.52148 0.0196846782362 29.9927 0.00105573
797.0 28.51968 0.0198455190255 29.9914 0.0012842
798.0 28.52094 0.0197695295195 29.9923 0.0011441
799.0 28.51788 0.0200018949025 29.9914 0.00151564
800.0 28.51572 0.0202171122063 29.9918 0.000967657
801.0 28.51536 0.0197910148817 29.9927 0.00102458
802.0 28.5114 0.019628001402 29.9929 0.000883651
803.0 28.50942 0.0191896818433 29.9934 0.00095247
804.0 28.50816 0.0200377366049 29.9925 0.00102616
805.0 28.5069 0.0206939528526 29.9929 0.000919587
806.0 28.50546 0.01996365111 29.9927 0.000455368
807.0 28.50492 0.0200290133989 29.9921 0.000765794
808.0 28.50042 0.0201508403401 29.9914 0.000782534
809.0 28.49862 0.0203928421755 29.9912 0.000836564
810.0 28.49628 0.0203879414765 29.9916 0.000985901
811.0 28.49286 0.0202053716094 29.9905 0.000924857
812.0 28.49196 0.0206690195679 29.9923 0.000992452
813.0 28.49466 0.020714562264 29.9921 0.00116792
814.0 28.49394 0.0208421960606 29.9927 0.0011994
815.0 28.49394 0.0210606218947 29.9918 0.00103245
816.0 28.48998 0.0205343570458 29.9914 0.00117897
817.0 28.48926 0.0210221052172 29.9923 0.00130298
818.0 28.4862 0.0209299748828 29.9929 0.0010815
819.0 28.48638 0.0208045091967 29.992 0.00126769
820.0 28.48386 0.0207494743629 29.9914 0.00130918
821.0 28.48152 0.0216011077042 29.9916 0.000881816
822.0 28.48458 0.0214807819956 29.9914 0.00100058
823.0 28.48566 0.0211453469906 29.9909 0.000851916
824.0 28.48422 0.0206066372364 29.9911 0.000846191
825.0 28.48008 0.0206401632212 29.9912 0.000979306
826.0 28.4817 0.020329628322 29.9921 0.00113984
827.0 28.47954 0.0202047686404 29.9914 0.00147226
828.0 28.47756 0.020604014655 29.992 0.00175995
829.0 28.4754 0.0202567391531 29.9914 0.00159886
830.0 28.47522 0.0206269130147 29.9923 0.00171142
831.0 28.47252 0.0201887373947 29.9912 0.00143549
832.0 28.47162 0.0190661687278 29.9921 0.00116792
833.0 28.46892 0.0187358123127 29.9925 0.00137674
834.0 28.46496 0.0177773689195 29.9927 0.00151028
835.0 28.4646 0.0177962100423 29.9932 0.00151564
836.0 28.46316 0.0171004629203 29.9938 0.000755142
837.0 28.46154 0.0176149568622 29.9932 0.000861371
838.0 28.45938 0.0183957771747 29.993 0.00113271
839.0 28.461 0.0185438764168 29.9927 0.00105573
840.0 28.461 0.0184170692452 29.9925 0.00105726
841.0 28.45974 0.0178218449886 29.9923 0.00105573
842.0 28.45758 0.0179369673815 29.9929 0.0010815
843.0 28.45704 0.0180075200096 29.992 0.000979306
844.0 28.45524 0.0189717952048 29.9916 0.00101823
845.0 28.45614 0.0194994791435 29.992 0.00110374
846.0 28.45254 0.0192722057692 29.9929 0.00119534
847.0 28.4529 0.0190996622685 29.993 0.00150168
848.0 28.4493 0.0194852843358 29.9929 0.00119534
849.0 28.45074 0.0194863480123 29.9929 0.00159074
850.0 28.45182 0.0194244890058 29.9934 0.00101823
851.0 28.45218 0.0196000900589 29.9934 0.00108
852.0 28.45272 0.019877540767 29.9938 0.000796894
853.0 28.45164 0.0196420937074 29.9925 0.000890955
854.0 28.45182 0.0195016393283 29.9925 0.00120075
855.0 28.44786 0.0196666120881 29.9927 0.00095925
856.0 28.44696 0.0199241097473 29.9921 0.000765794
857.0 28.44372 0.0204679019662 29.9918 0.000933574
858.0 28.4421 0.0205356287512 29.9923 0.00122612
859.0 28.44264 0.0205631957217 29.9927 0.000889134
860.0 28.44012 0.0209633177792 29.992 0.00116097
861.0 28.43868 0.0200296742003 29.9925 0.00127914
862.0 28.43634 0.0193092369924 29.992 0.000910736
863.0 28.43022 0.0188586031076 29.992 0.00116097
864.0 28.42932 0.0190992819166 29.9918 0.00109342
865.0 28.42806 0.0197795636296 29.993 0.000796894
866.0 28.42626 0.0202014505767 29.9925 0.00111687
867.0 28.4268 0.0201237844442 29.9932 0.000967657
868.0 28.42122 0.0196581999956 29.9925 0.000814985
869.0 28.42266 0.0204315225098 29.9932 0.00117897
870.0 28.42032 0.0204682364666 29.9925 0.00142302
871.0 28.41996 0.0198129130937 29.9929 0.00146343
872.0 28.42392 0.0196481216465 29.9918 0.00149411
873.0 28.42122 0.0190174819067 29.9912 0.00126769
874.0 28.41852 0.019395260172 29.9918 0.00106337
875.0 28.41726 0.0193206514406 29.9921 0.00119534
876.0 28.41888 0.0198756488947 29.992 0.000910736
877.0 28.41744 0.0194253016493 29.9927 0.000889134
878.0 28.41474 0.0192172117726 29.9925 0.000583267
879.0 28.4142 0.0192285916554 29.9929 0.000675899
880.0 28.41204 0.0198587643191 29.993 0.000425958
881.0 28.41132 0.0199523040089 29.9932 0.000739973
882.0 28.41294 0.0196522971232 29.9927 0.00095925
883.0 28.41492 0.0200145699725 29.9923 0.0011441
884.0 28.41402 0.0198619779532 29.9939 0.000987542
885.0 28.41402 0.019901956045 29.9938 0.0012155
886.0 28.41276 0.0204094754255 29.9936 0.00115116
887.0 28.41258 0.0198806766978 29.9936 0.00112266
888.0 28.41186 0.0192800337366 29.9939 0.00113984
889.0 28.40808 0.019681136133 29.9925 0.00146786
890.0 28.40232 0.0185814931048 29.9932 0.00135778
891.0 28.4016 0.0179942682043 29.9936 0.00140469
892.0 28.40124 0.0182981272496 29.9939 0.00116792
893.0 28.40322 0.0177490960761 29.9934 0.00110959
894.0 28.4052 0.0173332055415 29.9925 0.000583267
895.0 28.40448 0.0174477062582 29.9938 0.000836564
896.0 28.40466 0.017152588258 29.9936 0.000782534
897.0 28.40106 0.016657203783 29.9939 0.000364472
898.0 28.39926 0.0171997213651 29.9941 0.000455368
899.0 28.39908 0.0167524048777 29.9941 0.000683052
900.0 28.39836 0.0158968224351 29.9939 0.000806994
901.0 28.3962 0.0163745129217 29.995 0.000782534
902.0 28.39512 0.0164861516305 29.9936 0.00117897
903.0 28.3926 0.016914006921 29.9925 0.00102616
904.0 28.39386 0.0172618596327 29.9939 0.00095417
905.0 28.39044 0.0179029854894 29.9934 0.00116653
906.0 28.39062 0.0180597741657 29.9938 0.00107398
907.0 28.39206 0.0184835851676 29.9945 0.000992452
908.0 28.39224 0.0189365309963 29.9947 0.000722246
909.0 28.39098 0.019013951711 29.9936 0.000967657
910.0 28.38846 0.0187958182744 29.9938 0.000874437
911.0 28.38792 0.0189364740529 29.9948 0.000910736
912.0 28.389 0.0194755523947 29.9938 0.00107398
913.0 28.3899 0.0196340628453 29.9943 0.00111687
914.0 28.39026 0.0198941488616 29.9945 0.000889134
915.0 28.3872 0.0196187291457 29.9939 0.000765794
916.0 28.38828 0.0196337187714 29.9939 0.000765794
917.0 28.38666 0.0195849335363 29.9945 0.000812994
918.0 28.38558 0.018393545581 29.9954 0.000739973
919.0 28.38378 0.0186838351856 29.9952 0.00056921
920.0 28.3836 0.0187682134457 29.9954 0.000646498
921.0 28.38252 0.0196150443563 29.9957 0.000626131
922.0 28.38108 0.0197170987967 29.9939 0.00116792
923.0 28.38252 0.0194863665509 29.9952 0.000673498
924.0 28.37892 0.0198851841608 29.9948 0.000874437
925.0 28.37946 0.0201486929867 29.9941 0.000889134
926.0 28.37604 0.0203821384614 29.9943 0.00068542
927.0 28.37244 0.0202077005134 29.9948 0.000755142
928.0 28.3692 0.0184485974379 29.9952 0.00072
929.0 28.3647 0.0189850271592 29.9934 0.000673498
930.0 28.36128 0.0194053756349 29.9945 0.000377571
931.0 28.3611 0.0192466823212 29.9945 0.000455368
932.0 28.35894 0.0190363524202 29.9956 0.00055771
933.0 28.3566 0.0196319722869 29.9938 0.000979306
934.0 28.35804 0.0193157001465 29.9939 0.00105111
935.0 28.35678 0.0186725602689 29.9948 0.000796894
936.0 28.35462 0.0191392459354 29.9954 0.000898198
937.0 28.35426 0.0197191928647 29.9948 0.000496226
938.0 28.35282 0.0202507196781 29.9947 0.000765794
939.0 28.35246 0.0205864230882 29.9954 0.000898198
940.0 28.34994 0.0204602740957 29.9948 0.000796894
941.0 28.34616 0.0198695867782 29.9947 0.000722246
942.0 28.34688 0.0194321772396 29.9945 0.000728944
943.0 28.34634 0.0192171526175 29.9947 0.000675899
944.0 28.34688 0.0207321916351 29.995 0.000782534
945.0 28.3467 0.0205020555004 29.9945 0.000683052
946.0 28.34562 0.0210166619178 29.9956 0.00055771
947.0 28.3458 0.0207987548902 29.9952 0.000440908
948.0 28.34346 0.0215878653787 29.9952 0.000673498
949.0 28.34328 0.0211124724673 29.9929 0.00095417
950.0 28.34148 0.0211529412252 29.9945 0.00111542
951.0 28.34238 0.0211398374571 29.995 0.000822897
952.0 28.34004 0.0215636422776 29.995 0.000782534
953.0 28.33662 0.021419097261 29.9954 0.000933574
954.0 28.33518 0.0211784120815 29.9956 0.000874437
955.0 28.33716 0.0204313297384 29.9961 0.00068542
956.0 28.33518 0.0208942447674 29.9959 0.00052169
957.0 28.33194 0.0204838501678 29.9954 0.000646498
958.0 28.33158 0.0208493667458 29.9963 0.000728944
959.0 28.33266 0.0200946097479 29.9956 0.000755142
960.0 28.33482 0.0193649270742 29.9939 0.00137202
961.0 28.33572 0.0192390676553 29.9959 0.000772114
962.0 28.33626 0.0188215678759 29.9959 0.000812994
963.0 28.33662 0.0184705938071 29.9947 0.000806994
964.0 28.3359 0.0178813781993 29.9948 0.000755142
965.0 28.3359 0.0178801898309 29.995 0.000739973
966.0 28.33716 0.0180676467726 29.9954 0.000739973
967.0 28.33518 0.0178483217269 29.9952 0.000623538
968.0 28.33644 0.0176798600969 29.9952 0.00108
969.0 28.335 0.0183258747837 29.9956 0.000710943
970.0 28.33356 0.018347250893 29.9952 0.000509117
971.0 28.3314 0.0183363114287 29.9947 0.000444567
972.0 28.32798 0.0184959008218 29.9943 0.000774209
973.0 28.33176 0.0179752459438 29.9939 0.00111105
974.0 28.33536 0.0176323563161 29.9945 0.000772114
975.0 28.33392 0.0169980644189 29.9947 0.000806994
976.0 28.33356 0.0173419057982 29.9945 0.000728944
977.0 28.3332 0.0170379471532 29.9947 0.000626131
978.0 28.33464 0.0169690251033 29.9941 0.000683052
979.0 28.33644 0.0170715620344 29.9938 0.000945643
980.0 28.33518 0.01678949025 29.9932 0.000646498
981.0 28.33356 0.0168448779189 29.9943 0.000636396
982.0 28.3314 0.0171010368395 29.9947 0.000722246
983.0 28.32834 0.0165900365362 29.9956 0.00055771
984.0 28.3269 0.017040107187 29.9948 0.00116097
985.0 28.32636 0.0171428382186 29.9945 0.000851916
986.0 28.3287 0.016929931632 29.9941 0.000772114
987.0 28.3287 0.0167240559631 29.9948 0.000836564
988.0 28.32888 0.0167319471352 29.9954 0.000782534
989.0 28.33086 0.0166234191984 29.9948 0.000796894
990.0 28.33032 0.0164353110065 29.9945 0.000812994
991.0 28.33608 0.0164988785124 29.995 0.000646498
992.0 28.3377 0.0163094964805 29.995 0.000933574
993.0 28.335 0.0162655526343 29.9941 0.000772114
994.0 28.33248 0.0172517732741 29.9945 0.000851916
995.0 28.33068 0.0178016299993 29.9943 0.000774209
996.0 28.32762 0.0179582990735 29.9959 0.000377571
997.0 28.32762 0.0189297405618 29.9957 0.000512289
998.0 28.32474 0.0188214186133 29.9956 0.000663807
999.0 28.3242 0.0183944653826 29.9952 0.000673498
1000.0 28.32168 0.0184423039808 29.9961 0.000583267
