# Auto-collated output:
# x: Time
# y: [Pi]
# columns: Cooperativity
#     ['Vectorial', '1e+00', '1e+04', '1e+08']

0.0 0.0 0.0 0.0 0.0
1.0 0.00056947 7.181e-05 6.847e-05 0.00052605
2.0 0.00137775 0.0003841 0.00023547 0.00119238
3.0 0.00238977 0.00115397 0.00043086 0.00210253
4.0 0.00365897 0.00255844 0.00069472 0.00339845
5.0 0.00534066 0.00469437 0.00099699 0.00496157
6.0 0.0077655 0.00759683 0.00136773 0.00694386
7.0 0.0102922 0.0112324 0.00176185 0.00953904
8.0 0.0136806 0.0158984 0.00220273 0.012717
9.0 0.0176085 0.0212624 0.00263025 0.01672
10.0 0.022378 0.0272193 0.00313793 0.0213109
11.0 0.0280042 0.03426 0.00366064 0.0265714
12.0 0.0346709 0.0421324 0.00428689 0.0326552
13.0 0.0423261 0.0507663 0.00499998 0.039761
14.0 0.0510335 0.0602152 0.0057114 0.0474748
15.0 0.0605241 0.0705592 0.00645956 0.0562857
16.0 0.0716564 0.0813156 0.00724947 0.0658147
17.0 0.083667 0.093333 0.00808614 0.0765378
18.0 0.0966178 0.105963 0.00902134 0.0877969
19.0 0.110081 0.119193 0.00993817 0.0997408
20.0 0.124634 0.133142 0.0109652 0.112135
21.0 0.139993 0.147897 0.0120607 0.125175
22.0 0.155689 0.163283 0.0132464 0.138807
23.0 0.172109 0.179288 0.0144054 0.15293
24.0 0.189016 0.195991 0.0156279 0.167481
25.0 0.206407 0.213441 0.0169989 0.182397
26.0 0.224578 0.231203 0.0184819 0.197783
27.0 0.242965 0.250066 0.019858 0.21377
28.0 0.261676 0.26911 0.0214695 0.229697
29.0 0.281048 0.289147 0.0230276 0.24609
30.0 0.30071 0.309506 0.0247578 0.262643
31.0 0.320722 0.330738 0.0265313 0.27995
32.0 0.341231 0.35249 0.0284034 0.297242
33.0 0.361988 0.374424 0.0303122 0.314843
34.0 0.383063 0.397071 0.0322978 0.333305
35.0 0.404449 0.420102 0.034417 0.352313
36.0 0.426511 0.443759 0.0365747 0.371246
37.0 0.448656 0.467994 0.0388342 0.39066
38.0 0.470651 0.492483 0.0412407 0.410162
39.0 0.493271 0.517436 0.0436655 0.429965
40.0 0.515933 0.542919 0.0461939 0.450424
41.0 0.53946 0.568832 0.0488074 0.471018
42.0 0.563256 0.595398 0.051578 0.492224
43.0 0.587062 0.622325 0.0544353 0.513672
44.0 0.611744 0.649301 0.0573311 0.535584
45.0 0.636828 0.677073 0.0602419 0.558079
46.0 0.662025 0.705007 0.0635969 0.580697
47.0 0.688245 0.732804 0.0669921 0.603653
48.0 0.714503 0.761447 0.070327 0.626816
49.0 0.740814 0.790483 0.0738892 0.650914
50.0 0.767691 0.820054 0.0775331 0.674613
51.0 0.795356 0.849295 0.0810184 0.698825
52.0 0.823495 0.879258 0.0848293 0.723918
53.0 0.851835 0.909666 0.0887338 0.74908
54.0 0.880189 0.939819 0.0927368 0.774765
55.0 0.90947 0.970484 0.0967999 0.800535
56.0 0.939343 1.00204 0.101075 0.82682
57.0 0.969517 1.0337 0.105405 0.854277
58.0 1.00003 1.06559 0.109814 0.881952
59.0 1.03172 1.09748 0.114275 0.910087
60.0 1.06366 1.12981 0.118931 0.938597
61.0 1.09621 1.16215 0.1237 0.967175
62.0 1.12917 1.19486 0.128628 0.996459
63.0 1.16283 1.22794 0.133722 1.02654
64.0 1.19676 1.26099 0.138705 1.05684
65.0 1.23114 1.29454 0.143937 1.08762
66.0 1.26619 1.32799 0.14933 1.11902
67.0 1.30158 1.36221 0.154856 1.15066
68.0 1.33752 1.39657 0.160395 1.18272
69.0 1.37419 1.43158 0.16625 1.2154
70.0 1.41172 1.46603 0.172008 1.24804
71.0 1.4492 1.50081 0.178002 1.28145
72.0 1.48768 1.53596 0.18429 1.31547
73.0 1.52644 1.57077 0.1906 1.3494
74.0 1.56564 1.60615 0.197128 1.38414
75.0 1.60525 1.64184 0.203748 1.41911
76.0 1.64489 1.67771 0.210587 1.45465
77.0 1.68517 1.71352 0.217519 1.49095
78.0 1.72657 1.74987 0.22455 1.52722
79.0 1.76836 1.78601 0.23146 1.56354
80.0 1.81036 1.82234 0.238559 1.60082
81.0 1.85255 1.85844 0.245931 1.63858
82.0 1.8952 1.89553 0.253299 1.67731
83.0 1.93851 1.93199 0.260784 1.71541
84.0 1.98227 1.96845 0.268459 1.75429
85.0 2.02653 2.00545 0.27637 1.79382
86.0 2.07055 2.04268 0.284469 1.83406
87.0 2.11479 2.07945 0.292738 1.87436
88.0 2.15995 2.11667 0.301111 1.91526
89.0 2.20569 2.1542 0.309573 1.95639
90.0 2.25166 2.1921 0.318315 1.99823
91.0 2.29801 2.22989 0.327059 2.04052
92.0 2.34454 2.26786 0.335966 2.08279
93.0 2.39157 2.30577 0.345259 2.12557
94.0 2.43886 2.34402 0.354561 2.16865
95.0 2.48587 2.38197 0.36404 2.21219
96.0 2.5335 2.42001 0.373796 2.25621
97.0 2.5824 2.45862 0.383372 2.30005
98.0 2.63119 2.49713 0.393363 2.34482
99.0 2.68026 2.53526 0.403378 2.38961
100.0 2.72914 2.5732 0.413242 2.4351
101.0 2.77861 2.6117 0.423517 2.48088
102.0 2.82836 2.65082 0.434028 2.52608
103.0 2.87793 2.68975 0.444723 2.57216
104.0 2.92804 2.72879 0.455618 2.61773
105.0 2.97845 2.76765 0.466605 2.66416
106.0 3.02847 2.80688 0.47773 2.71031
107.0 3.07844 2.8458 0.488934 2.75687
108.0 3.12819 2.88467 0.500187 2.80341
109.0 3.1782 2.92374 0.511713 2.84992
110.0 3.22809 2.96253 0.523298 2.89645
111.0 3.27847 3.00153 0.535265 2.94347
112.0 3.32844 3.04023 0.547274 2.99084
113.0 3.37815 3.07911 0.55964 3.03841
114.0 3.42836 3.1186 0.572157 3.08602
115.0 3.479 3.15827 0.584468 3.13396
116.0 3.52992 3.19765 0.596816 3.18233
117.0 3.58055 3.23678 0.609702 3.22993
118.0 3.63095 3.2764 0.622761 3.27746
119.0 3.68107 3.31578 0.636225 3.32486
120.0 3.73187 3.35508 0.649511 3.37243
121.0 3.7815 3.39419 0.663157 3.4198
122.0 3.83245 3.43375 0.67712 3.46723
123.0 3.88312 3.47297 0.690821 3.51441
124.0 3.93326 3.51233 0.704999 3.56223
125.0 3.98336 3.55202 0.719446 3.60986
126.0 4.03299 3.59213 0.733897 3.65751
127.0 4.08265 3.63163 0.748561 3.70471
128.0 4.13241 3.671 0.763464 3.75284
129.0 4.182 3.71055 0.778557 3.8004
130.0 4.2315 3.75077 0.793532 3.84757
131.0 4.28062 3.79035 0.808669 3.89434
132.0 4.32977 3.82984 0.823965 3.94106
133.0 4.37903 3.86972 0.839741 3.98863
134.0 4.42807 3.90968 0.855721 4.03666
135.0 4.47632 3.94899 0.871181 4.08363
136.0 4.52451 3.98861 0.887208 4.13079
137.0 4.57282 4.02826 0.903425 4.17714
138.0 4.62105 4.06838 0.919806 4.22376
139.0 4.67005 4.10803 0.936209 4.27076
140.0 4.71843 4.1477 0.952703 4.3176
141.0 4.76671 4.18739 0.969438 4.36364
142.0 4.81465 4.22681 0.986444 4.40977
143.0 4.86204 4.26645 1.00332 4.45588
144.0 4.90984 4.30585 1.02066 4.50194
145.0 4.9578 4.34564 1.03818 4.54749
146.0 5.00536 4.38468 1.05582 4.59314
147.0 5.0536 4.42447 1.07369 4.63855
148.0 5.10214 4.46423 1.09167 4.68423
149.0 5.14982 4.50386 1.10989 4.72975
150.0 5.19752 4.54317 1.12808 4.77515
151.0 5.24491 4.58276 1.14643 4.82054
152.0 5.29176 4.62211 1.16506 4.86592
153.0 5.33905 4.66117 1.1839 4.91093
154.0 5.38659 4.70055 1.20276 4.956
155.0 5.4337 4.73975 1.22191 5.00167
156.0 5.4809 4.77838 1.24126 5.04797
157.0 5.52853 4.81743 1.2604 5.09365
158.0 5.57636 4.85637 1.27963 5.13941
159.0 5.62364 4.89557 1.29946 5.18537
160.0 5.67123 4.93499 1.31931 5.23114
161.0 5.71823 4.97431 1.33926 5.27727
162.0 5.7656 5.01324 1.35932 5.32281
163.0 5.81262 5.05197 1.37952 5.36857
164.0 5.85974 5.09137 1.3998 5.4147
165.0 5.90692 5.1304 1.41996 5.46084
166.0 5.95374 5.17023 1.44098 5.50702
167.0 6.00162 5.20916 1.46178 5.5527
168.0 6.04939 5.24793 1.48256 5.59895
169.0 6.09685 5.28698 1.50352 5.64502
170.0 6.144 5.32619 1.52438 5.69189
171.0 6.19179 5.3654 1.5457 5.73809
172.0 6.23937 5.40434 1.56735 5.78464
173.0 6.28708 5.44359 1.58898 5.83087
174.0 6.33576 5.48194 1.61081 5.87742
175.0 6.38373 5.52063 1.63297 5.92388
176.0 6.43207 5.55945 1.65494 5.97063
177.0 6.47999 5.59783 1.67697 6.01751
178.0 6.52843 5.63627 1.69933 6.0636
179.0 6.57646 5.67466 1.72113 6.11007
180.0 6.6242 5.71336 1.74343 6.1564
181.0 6.67146 5.75209 1.766 6.20262
182.0 6.71908 5.79046 1.78888 6.24966
183.0 6.76657 5.82885 1.81164 6.29608
184.0 6.81388 5.8677 1.83451 6.34295
185.0 6.86037 5.90566 1.8575 6.38939
186.0 6.90717 5.94434 1.88065 6.43595
187.0 6.95366 5.9826 1.90394 6.48261
188.0 7.00084 6.02038 1.92745 6.52897
189.0 7.04738 6.05837 1.95151 6.57518
190.0 7.09353 6.09676 1.97495 6.62217
191.0 7.14031 6.13497 1.99875 6.66915
192.0 7.18662 6.17324 2.02217 6.71544
193.0 7.23253 6.21118 2.04623 6.76175
194.0 7.27792 6.24923 2.0699 6.80727
195.0 7.32366 6.28717 2.09387 6.85326
196.0 7.36947 6.32511 2.11809 6.89836
197.0 7.41446 6.36329 2.14267 6.94298
198.0 7.45893 6.40092 2.16648 6.98768
199.0 7.50339 6.43905 2.19111 7.03246
200.0 7.54788 6.47712 2.21551 7.07698
201.0 7.59202 6.51482 2.24007 7.1212
202.0 7.6362 6.55232 2.26475 7.16543
203.0 7.6801 6.59007 2.2896 7.20917
204.0 7.72284 6.62782 2.31464 7.25309
205.0 7.76505 6.66572 2.33971 7.29684
206.0 7.80738 6.70322 2.36457 7.34007
207.0 7.84878 6.74002 2.38984 7.38292
208.0 7.88935 6.77692 2.41537 7.42584
209.0 7.92955 6.81413 2.44087 7.46807
210.0 7.96977 6.85146 2.46651 7.5098
211.0 8.00949 6.88877 2.49229 7.55138
212.0 8.04855 6.9259 2.51782 7.59261
213.0 8.08706 6.96274 2.54389 7.63333
214.0 8.12558 6.99984 2.56954 7.67366
215.0 8.16342 7.0366 2.59583 7.71291
216.0 8.20127 7.07367 2.62249 7.75213
217.0 8.23887 7.11083 2.64879 7.79138
218.0 8.27607 7.14792 2.6751 7.83038
219.0 8.31255 7.18481 2.70178 7.86926
220.0 8.34878 7.22151 2.72872 7.90754
221.0 8.38506 7.25831 2.75525 7.9461
222.0 8.42079 7.29509 2.78188 7.98375
223.0 8.45603 7.33156 2.80857 8.02091
224.0 8.49055 7.36782 2.83549 8.05752
225.0 8.5247 7.40416 2.86229 8.09361
226.0 8.55868 7.44081 2.88954 8.12906
227.0 8.59229 7.4773 2.91683 8.16457
228.0 8.62535 7.5137 2.94398 8.19982
229.0 8.6585 7.54986 2.97126 8.23422
230.0 8.6904 7.58613 2.99897 8.26865
231.0 8.72209 7.62247 3.02661 8.30299
232.0 8.75375 7.65868 3.05393 8.33697
233.0 8.78464 7.69499 3.08159 8.37003
234.0 8.81547 7.73134 3.10954 8.40311
235.0 8.8462 7.76794 3.13788 8.4354
236.0 8.87683 7.80449 3.16578 8.46862
237.0 8.90701 7.84007 3.19378 8.50149
238.0 8.93674 7.87558 3.22204 8.53414
239.0 8.96639 7.91177 3.25069 8.56623
240.0 8.99605 7.94746 3.27914 8.59787
241.0 9.02509 7.98342 3.30789 8.62924
242.0 9.05411 8.01903 3.33664 8.66035
243.0 9.08287 8.05466 3.36542 8.69177
244.0 9.11105 8.09038 3.39412 8.72285
245.0 9.13866 8.12626 3.42304 8.75361
246.0 9.16726 8.16164 3.45211 8.78395
247.0 9.19526 8.19683 3.48153 8.81467
248.0 9.2229 8.2323 3.51096 8.84446
249.0 9.25014 8.26774 3.54029 8.87381
250.0 9.27724 8.30311 3.57001 8.90308
251.0 9.30451 8.33824 3.60016 8.93147
252.0 9.33139 8.37351 3.62982 8.96008
253.0 9.35803 8.40909 3.65952 8.98856
254.0 9.38465 8.44402 3.68971 9.01706
255.0 9.41126 8.47939 3.71978 9.04511
256.0 9.43757 8.51421 3.75031 9.0732
257.0 9.46341 8.54935 3.78031 9.10131
258.0 9.48983 8.58466 3.8107 9.1295
259.0 9.51595 8.61969 3.8412 9.15696
260.0 9.54143 8.65463 3.87209 9.1843
261.0 9.56701 8.68925 3.90243 9.21147
262.0 9.59239 8.72405 3.93305 9.23851
263.0 9.61734 8.75869 3.96403 9.2657
264.0 9.6419 8.79312 3.99494 9.29235
265.0 9.66649 8.82761 4.02556 9.31921
266.0 9.69142 8.86242 4.05683 9.34615
267.0 9.71596 8.89689 4.08849 9.37279
268.0 9.74039 8.93127 4.11994 9.39926
269.0 9.765 8.96573 4.15191 9.42544
270.0 9.78894 9.00009 4.18369 9.45113
271.0 9.81301 9.03456 4.21524 9.47678
272.0 9.83689 9.06864 4.24686 9.50279
273.0 9.86099 9.10295 4.27867 9.52793
274.0 9.88493 9.13703 4.31051 9.55372
275.0 9.90864 9.17098 4.34268 9.57905
276.0 9.93205 9.20518 4.37471 9.60463
277.0 9.95523 9.23932 4.40681 9.62944
278.0 9.97872 9.27332 4.43898 9.65462
279.0 10.002 9.30729 4.47086 9.67981
280.0 10.0247 9.34049 4.5034 9.70484
281.0 10.0475 9.37413 4.53618 9.72994
282.0 10.0703 9.4075 4.5689 9.75456
283.0 10.0932 9.44141 4.60212 9.77939
284.0 10.1157 9.47505 4.63502 9.804
285.0 10.1388 9.50863 4.6679 9.82848
286.0 10.1613 9.54195 4.70068 9.85303
287.0 10.1838 9.57528 4.73418 9.87726
288.0 10.2066 9.60897 4.76752 9.90139
289.0 10.2289 9.64206 4.80089 9.92495
290.0 10.2509 9.67497 4.83415 9.94861
291.0 10.2733 9.70865 4.86781 9.97242
292.0 10.2957 9.74152 4.90173 9.99658
293.0 10.3179 9.77485 4.93546 10.0203
294.0 10.3402 9.80765 4.96922 10.0441
295.0 10.3629 9.8409 5.00287 10.0678
296.0 10.3846 9.874 5.03671 10.0916
297.0 10.4068 9.90702 5.07062 10.1154
298.0 10.4288 9.94064 5.10454 10.1391
299.0 10.4506 9.97374 5.13874 10.1623
300.0 10.4726 10.0065 5.17308 10.1858
301.0 10.4944 10.0387 5.20721 10.209
302.0 10.5166 10.0716 5.24142 10.2324
303.0 10.5383 10.1044 5.27561 10.2555
304.0 10.56 10.1373 5.30963 10.2784
305.0 10.5816 10.1702 5.34412 10.3013
306.0 10.6034 10.2027 5.3786 10.3244
307.0 10.625 10.2354 5.41314 10.3471
308.0 10.6463 10.2685 5.44762 10.3701
309.0 10.6677 10.3009 5.48225 10.3927
310.0 10.6891 10.3338 5.5168 10.4157
311.0 10.7107 10.3664 5.55153 10.4389
312.0 10.7323 10.3987 5.5862 10.4614
313.0 10.7534 10.4312 5.62126 10.4842
314.0 10.7743 10.4637 5.65635 10.5064
315.0 10.7956 10.4958 5.69107 10.5287
316.0 10.8166 10.5283 5.72636 10.551
317.0 10.8376 10.56 5.76153 10.5735
318.0 10.8587 10.5921 5.79691 10.5956
319.0 10.8794 10.6242 5.83218 10.6179
320.0 10.9003 10.6559 5.86769 10.6402
321.0 10.9213 10.6883 5.90285 10.6626
322.0 10.9418 10.7202 5.9382 10.6848
323.0 10.9626 10.7521 5.97404 10.7071
324.0 10.9837 10.7836 6.00951 10.7292
325.0 11.0043 10.8154 6.04495 10.7513
326.0 11.0253 10.8475 6.08076 10.7734
327.0 11.0461 10.8786 6.11596 10.7951
328.0 11.0665 10.9101 6.15197 10.817
329.0 11.0871 10.9419 6.18766 10.8388
330.0 11.1076 10.9734 6.22369 10.8605
331.0 11.1281 11.0047 6.25945 10.8823
332.0 11.1488 11.036 6.29511 10.9043
333.0 11.1689 11.0675 6.33074 10.9261
334.0 11.1897 11.0988 6.3663 10.9478
335.0 11.2098 11.1302 6.40272 10.9694
336.0 11.2302 11.1614 6.43893 10.9907
337.0 11.2505 11.1926 6.47481 11.0123
338.0 11.2707 11.2235 6.51108 11.0341
339.0 11.291 11.2548 6.54715 11.0555
340.0 11.311 11.2859 6.58345 11.0769
341.0 11.3315 11.3168 6.6196 11.0986
342.0 11.3516 11.3477 6.65558 11.1202
343.0 11.3717 11.3784 6.69228 11.1419
344.0 11.392 11.4091 6.72888 11.1636
345.0 11.412 11.4393 6.76542 11.1851
346.0 11.432 11.4704 6.80205 11.2068
347.0 11.452 11.5009 6.83836 11.2282
348.0 11.4721 11.5317 6.87469 11.2496
349.0 11.492 11.5623 6.9117 11.2712
350.0 11.512 11.593 6.94848 11.2926
351.0 11.532 11.6234 6.98538 11.314
352.0 11.5519 11.6543 7.02181 11.3354
353.0 11.5717 11.6844 7.05816 11.3566
354.0 11.5914 11.7153 7.09491 11.378
355.0 11.6111 11.7461 7.13119 11.3992
356.0 11.6311 11.7766 7.16784 11.4205
357.0 11.6511 11.8071 7.20446 11.4419
358.0 11.6705 11.8374 7.24099 11.463
359.0 11.6903 11.8678 7.27761 11.4844
360.0 11.71 11.8978 7.31439 11.5055
361.0 11.7298 11.928 7.35124 11.5267
362.0 11.7495 11.9586 7.38812 11.548
363.0 11.769 11.9886 7.42516 11.5695
364.0 11.7883 12.0182 7.46202 11.5907
365.0 11.8078 12.0481 7.49898 11.6119
366.0 11.8275 12.0779 7.53608 11.6333
367.0 11.8469 12.1073 7.57296 11.6542
368.0 11.8662 12.1369 7.61018 11.6754
369.0 11.8858 12.1663 7.64703 11.6964
370.0 11.9051 12.1959 7.68445 11.7174
371.0 11.9245 12.2254 7.72163 11.7383
372.0 11.9439 12.2551 7.75893 11.7594
373.0 11.9632 12.2844 7.79644 11.7802
374.0 11.9824 12.3138 7.83359 11.8011
375.0 12.0016 12.3436 7.87076 11.8217
376.0 12.021 12.3731 7.9086 11.8428
377.0 12.0403 12.4024 7.94562 11.8636
378.0 12.0596 12.4319 7.98372 11.8842
379.0 12.0787 12.4612 8.02101 11.9052
380.0 12.0977 12.4906 8.05864 11.9258
381.0 12.1169 12.5199 8.09622 11.9466
382.0 12.1363 12.5489 8.13366 11.9673
383.0 12.1555 12.5781 8.17109 11.9884
384.0 12.1744 12.6075 8.20878 12.0089
385.0 12.1934 12.6369 8.24647 12.0297
386.0 12.2125 12.6656 8.28406 12.0506
387.0 12.2317 12.6943 8.32197 12.0712
388.0 12.2507 12.7231 8.35959 12.0917
389.0 12.2698 12.7521 8.39718 12.1121
390.0 12.2888 12.7813 8.43493 12.1329
391.0 12.3079 12.8103 8.47307 12.1534
392.0 12.3266 12.8392 8.51072 12.1741
393.0 12.3454 12.8674 8.54831 12.195
394.0 12.3644 12.8958 8.58642 12.2161
395.0 12.3835 12.9246 8.62415 12.2364
396.0 12.4026 12.9533 8.6621 12.2571
397.0 12.4214 12.9818 8.69973 12.278
398.0 12.4402 13.0101 8.73792 12.2987
399.0 12.4589 13.0382 8.77545 12.3194
400.0 12.4776 13.0664 8.81338 12.34
401.0 12.4965 13.0953 8.85116 12.3603
402.0 12.5152 13.1235 8.88884 12.3806
403.0 12.5344 13.1518 8.92666 12.4012
404.0 12.5532 13.1798 8.96455 12.4217
405.0 12.5721 13.2082 9.00257 12.4418
406.0 12.591 13.2363 9.04044 12.4625
407.0 12.6101 13.2646 9.07851 12.4828
408.0 12.6288 13.2923 9.11651 12.5032
409.0 12.6476 13.3202 9.15497 12.5238
410.0 12.6665 13.3481 9.19286 12.5441
411.0 12.6854 13.3761 9.23074 12.5644
412.0 12.704 13.4041 9.26914 12.5847
413.0 12.7227 13.4316 9.30728 12.6051
414.0 12.7413 13.4592 9.34513 12.6254
415.0 12.7598 13.4868 9.38333 12.6456
416.0 12.7786 13.5145 9.42181 12.666
417.0 12.797 13.5423 9.46017 12.6864
418.0 12.8159 13.5695 9.49862 12.7066
419.0 12.8343 13.5971 9.53706 12.7267
420.0 12.853 13.6246 9.57555 12.7472
421.0 12.8715 13.6523 9.61362 12.7673
422.0 12.8902 13.6796 9.65219 12.7874
423.0 12.9091 13.7069 9.69075 12.8076
424.0 12.9279 13.734 9.72935 12.8277
425.0 12.9466 13.7611 9.76809 12.8477
426.0 12.9654 13.7886 9.80651 12.8681
427.0 12.9838 13.8157 9.84489 12.8882
428.0 13.0024 13.8427 9.88319 12.9085
429.0 13.0207 13.8697 9.92199 12.9287
430.0 13.0392 13.8968 9.96051 12.9489
431.0 13.0576 13.9237 9.99944 12.969
432.0 13.0759 13.951 10.038 12.9888
433.0 13.0948 13.9778 10.077 13.0085
434.0 13.1134 14.0047 10.1155 13.0284
435.0 13.1318 14.0316 10.1539 13.0486
436.0 13.15 14.0582 10.1923 13.0689
437.0 13.1684 14.0848 10.231 13.0888
438.0 13.1869 14.1112 10.2695 13.1087
439.0 13.2051 14.1381 10.3086 13.1289
440.0 13.2235 14.165 10.3473 13.1488
441.0 13.2422 14.1914 10.3858 13.1686
442.0 13.2605 14.2176 10.4243 13.1884
443.0 13.2791 14.2443 10.4628 13.2088
444.0 13.2973 14.2706 10.5016 13.2284
445.0 13.3155 14.2968 10.5405 13.2484
446.0 13.3339 14.3232 10.5794 13.2685
447.0 13.3523 14.3494 10.6183 13.2882
448.0 13.3705 14.3757 10.6574 13.3082
449.0 13.3884 14.4019 10.6959 13.3279
450.0 13.4065 14.428 10.7348 13.348
451.0 13.425 14.4544 10.7734 13.3678
452.0 13.4431 14.4807 10.8121 13.3876
453.0 13.4613 14.507 10.8508 13.4075
454.0 13.4797 14.533 10.8896 13.4273
455.0 13.4977 14.5587 10.9286 13.4473
456.0 13.5158 14.5847 10.9673 13.4674
457.0 13.5338 14.6105 11.0065 13.4873
458.0 13.5522 14.6361 11.0453 13.5071
459.0 13.5704 14.6616 11.0844 13.527
460.0 13.5884 14.6872 11.1231 13.5469
461.0 13.6064 14.7126 11.1615 13.5671
462.0 13.6247 14.7387 11.2005 13.5869
463.0 13.6427 14.7642 11.2395 13.6065
464.0 13.661 14.7902 11.2784 13.6262
465.0 13.6789 14.8159 11.3174 13.6459
466.0 13.6969 14.8416 11.3563 13.6655
467.0 13.7149 14.8671 11.3946 13.6852
468.0 13.7328 14.8923 11.4335 13.7048
469.0 13.7508 14.9176 11.4725 13.7242
470.0 13.7688 14.9431 11.5113 13.7439
471.0 13.7868 14.9684 11.5504 13.7635
472.0 13.8044 14.9937 11.5889 13.7831
473.0 13.8223 15.0187 11.6278 13.8024
474.0 13.8401 15.0434 11.6668 13.822
475.0 13.8584 15.0688 11.7054 13.8414
476.0 13.8764 15.0936 11.744 13.8609
477.0 13.8944 15.1188 11.7827 13.8805
478.0 13.9121 15.144 11.8216 13.8997
479.0 13.9303 15.1688 11.8603 13.919
480.0 13.9483 15.1938 11.8992 13.9386
481.0 13.9665 15.2188 11.9379 13.958
482.0 13.9844 15.2435 11.9768 13.9776
483.0 14.0026 15.2684 12.0157 13.997
484.0 14.0205 15.2933 12.0545 14.0164
485.0 14.0384 15.3183 12.0935 14.0359
486.0 14.0562 15.3426 12.1325 14.0554
487.0 14.0741 15.367 12.1712 14.0744
488.0 14.0919 15.3917 12.2099 14.094
489.0 14.1096 15.4159 12.2489 14.1132
490.0 14.1276 15.4404 12.2878 14.1326
491.0 14.1453 15.4648 12.3268 14.1523
492.0 14.1631 15.489 12.3658 14.1715
493.0 14.1806 15.5133 12.4051 14.1905
494.0 14.1982 15.5376 12.4437 14.2098
495.0 14.2159 15.562 12.4826 14.2291
496.0 14.2335 15.5865 12.5213 14.2484
497.0 14.2511 15.6106 12.5601 14.2678
498.0 14.2686 15.635 12.599 14.2867
499.0 14.2864 15.6592 12.638 14.3056
500.0 14.304 15.6834 12.6768 14.3248
501.0 14.3221 15.7071 12.7156 14.3441
502.0 14.3394 15.7313 12.7543 14.3633
503.0 14.3569 15.7556 12.7929 14.3826
504.0 14.3748 15.7797 12.832 14.402
505.0 14.3923 15.8035 12.8711 14.421
506.0 14.4098 15.827 12.9098 14.44
507.0 14.4271 15.8512 12.949 14.4588
508.0 14.4446 15.875 12.988 14.478
509.0 14.4619 15.8988 13.0266 14.4972
510.0 14.4796 15.9222 13.0651 14.5165
511.0 14.4974 15.946 13.1038 14.5357
512.0 14.5148 15.9696 13.1425 14.5548
513.0 14.5324 15.9929 13.1811 14.574
514.0 14.5498 16.0168 13.2202 14.5933
515.0 14.5673 16.0401 13.2588 14.6124
516.0 14.5851 16.0638 13.2977 14.6312
517.0 14.6026 16.087 13.3364 14.6502
518.0 14.62 16.1103 13.3751 14.669
519.0 14.6374 16.1334 13.4137 14.6881
520.0 14.6546 16.1564 13.4524 14.7075
521.0 14.672 16.1797 13.4912 14.7266
522.0 14.6895 16.2031 13.5298 14.7453
523.0 14.7071 16.2261 13.5682 14.7646
524.0 14.7245 16.2492 13.6065 14.7837
525.0 14.7417 16.2724 13.645 14.8024
526.0 14.7591 16.2954 13.6829 14.8215
527.0 14.7766 16.3181 13.7208 14.8405
528.0 14.7938 16.3416 13.7594 14.8595
529.0 14.8111 16.3646 13.7979 14.8789
530.0 14.8285 16.3874 13.8362 14.8977
531.0 14.8456 16.4104 13.8745 14.9166
532.0 14.8629 16.4331 13.9133 14.9353
533.0 14.8803 16.4557 13.9517 14.9541
534.0 14.8976 16.4785 13.9895 14.9726
535.0 14.9151 16.5011 14.0278 14.9916
536.0 14.9323 16.5233 14.0658 15.0101
537.0 14.9492 16.5462 14.104 15.0291
538.0 14.9667 16.5687 14.1421 15.048
539.0 14.984 16.5911 14.1801 15.0669
540.0 15.0011 16.6136 14.2183 15.0856
541.0 15.0182 16.6362 14.2564 15.1045
542.0 15.0355 16.6583 14.295 15.1233
543.0 15.0528 16.6804 14.3334 15.1421
544.0 15.0698 16.7028 14.3719 15.1608
545.0 15.087 16.7251 14.4105 15.1799
546.0 15.1041 16.747 14.4486 15.1986
547.0 15.1212 16.769 14.4871 15.2173
548.0 15.1386 16.7912 14.5254 15.2359
549.0 15.1556 16.8133 14.5637 15.2548
550.0 15.1729 16.8353 14.6019 15.2738
551.0 15.1905 16.8574 14.6402 15.2923
552.0 15.2079 16.8795 14.6784 15.3109
553.0 15.225 16.9015 14.7168 15.3297
554.0 15.2423 16.9235 14.7546 15.3482
555.0 15.2597 16.9455 14.7926 15.3668
556.0 15.277 16.967 14.8307 15.3855
557.0 15.2939 16.9888 14.8681 15.4044
558.0 15.3114 17.0106 14.9059 15.4231
559.0 15.3288 17.0325 14.9441 15.4418
560.0 15.3461 17.0541 14.9819 15.4604
561.0 15.3631 17.0759 15.0196 15.4791
562.0 15.3801 17.0973 15.057 15.4978
563.0 15.3974 17.1192 15.095 15.5165
564.0 15.4142 17.1407 15.1325 15.535
565.0 15.4312 17.1619 15.1697 15.5538
566.0 15.4482 17.1834 15.2074 15.5726
567.0 15.4653 17.2046 15.245 15.5912
568.0 15.4824 17.2258 15.2826 15.6098
569.0 15.4993 17.2471 15.3203 15.6282
570.0 15.5163 17.2681 15.3576 15.6468
571.0 15.5333 17.2897 15.3951 15.6656
572.0 15.5502 17.311 15.4328 15.6844
573.0 15.5673 17.3319 15.4703 15.7031
574.0 15.5843 17.353 15.5078 15.7217
575.0 15.6013 17.3742 15.5455 15.7405
576.0 15.6181 17.395 15.5829 15.7591
577.0 15.6354 17.4157 15.6203 15.7776
578.0 15.6524 17.4368 15.6572 15.7964
579.0 15.6696 17.4573 15.6945 15.8148
580.0 15.6867 17.4783 15.7318 15.8336
581.0 15.7038 17.4993 15.7689 15.8521
582.0 15.7207 17.52 15.806 15.8711
583.0 15.7377 17.5409 15.8431 15.8894
584.0 15.7545 17.5621 15.8802 15.9081
585.0 15.7717 17.5828 15.9172 15.9265
586.0 15.7887 17.6033 15.9537 15.945
587.0 15.8055 17.6241 15.9907 15.9636
588.0 15.8225 17.6448 16.0277 15.9823
589.0 15.8396 17.6655 16.0648 16.0006
590.0 15.8566 17.6859 16.1017 16.0188
591.0 15.8738 17.706 16.1387 16.0369
592.0 15.8905 17.7264 16.1756 16.0554
593.0 15.9075 17.7468 16.2126 16.074
594.0 15.9246 17.767 16.2495 16.0927
595.0 15.9415 17.7873 16.2864 16.111
596.0 15.9582 17.8077 16.3229 16.1295
597.0 15.975 17.8282 16.3597 16.148
598.0 15.9915 17.8479 16.3964 16.1665
599.0 16.0083 17.8681 16.4329 16.1854
600.0 16.0255 17.8883 16.4696 16.2037
601.0 16.042 17.9084 16.5059 16.2219
602.0 16.0593 17.9282 16.5424 16.2403
603.0 16.0763 17.9481 16.5788 16.2585
604.0 16.0931 17.9683 16.6152 16.2771
605.0 16.11 17.9884 16.6519 16.2954
606.0 16.1268 18.0086 16.6881 16.3138
607.0 16.1438 18.0282 16.7243 16.3324
608.0 16.1605 18.0482 16.7609 16.3508
609.0 16.1773 18.0679 16.7967 16.3691
610.0 16.1944 18.0876 16.8327 16.3874
611.0 16.2113 18.107 16.8687 16.4056
612.0 16.2277 18.1266 16.9043 16.4238
613.0 16.2445 18.1461 16.9405 16.4423
614.0 16.2617 18.1656 16.9762 16.4608
615.0 16.2783 18.1852 17.0124 16.4789
616.0 16.2952 18.2049 17.0482 16.4973
617.0 16.3119 18.2245 17.0841 16.5159
618.0 16.3284 18.2441 17.1202 16.5343
619.0 16.3451 18.2638 17.1559 16.5526
620.0 16.3619 18.2834 17.1917 16.5708
621.0 16.3789 18.3025 17.2275 16.589
622.0 16.3955 18.322 17.2629 16.6073
623.0 16.4119 18.341 17.2988 16.6255
624.0 16.4286 18.3603 17.3347 16.6437
625.0 16.4453 18.3789 17.3702 16.6618
626.0 16.462 18.3982 17.4054 16.6801
627.0 16.4787 18.4175 17.4406 16.6984
628.0 16.4952 18.4366 17.4761 16.7165
629.0 16.512 18.4554 17.5111 16.7349
630.0 16.5287 18.4743 17.5466 16.7529
631.0 16.5454 18.4933 17.5818 16.7712
632.0 16.5623 18.5124 17.6175 16.7895
633.0 16.5791 18.5312 17.6532 16.8076
634.0 16.5955 18.5501 17.6884 16.826
635.0 16.6121 18.5689 17.7232 16.844
636.0 16.6288 18.5878 17.7585 16.8624
637.0 16.6454 18.6067 17.7933 16.8808
638.0 16.6621 18.6257 17.8284 16.8994
639.0 16.6787 18.6446 17.8634 16.9176
640.0 16.6954 18.6632 17.8984 16.9355
641.0 16.7121 18.6822 17.9335 16.9537
642.0 16.7285 18.7009 17.9682 16.9718
643.0 16.7451 18.7196 18.0029 16.9898
644.0 16.7618 18.7384 18.0375 17.0079
645.0 16.7783 18.757 18.072 17.0259
646.0 16.7949 18.7751 18.1064 17.0439
647.0 16.8113 18.7937 18.141 17.0626
648.0 16.8277 18.8118 18.1753 17.0806
649.0 16.8443 18.8302 18.2095 17.0989
650.0 16.8613 18.8488 18.244 17.117
651.0 16.8781 18.8672 18.278 17.1352
652.0 16.8943 18.8858 18.312 17.1532
653.0 16.9105 18.9039 18.3466 17.1711
654.0 16.9272 18.9224 18.3808 17.1892
655.0 16.9438 18.9409 18.4148 17.2071
656.0 16.9604 18.9588 18.4487 17.2249
657.0 16.977 18.9771 18.4829 17.2431
658.0 16.9936 18.9952 18.517 17.2612
659.0 17.0103 19.0132 18.5506 17.2792
660.0 17.027 19.0313 18.5842 17.2971
661.0 17.0435 19.0492 18.618 17.3152
662.0 17.0598 19.0671 18.6518 17.3329
663.0 17.0763 19.0848 18.6856 17.3509
664.0 17.0927 19.1032 18.7193 17.3692
665.0 17.109 19.1209 18.7532 17.387
666.0 17.1254 19.1385 18.7867 17.4051
667.0 17.1416 19.1562 18.8203 17.4228
668.0 17.1581 19.174 18.8539 17.4407
669.0 17.1747 19.1918 18.8873 17.4586
670.0 17.191 19.2096 18.9207 17.4764
671.0 17.2074 19.2273 18.9535 17.4946
672.0 17.2239 19.245 18.987 17.5123
673.0 17.2405 19.2623 19.0202 17.5302
674.0 17.2568 19.2797 19.0535 17.5478
675.0 17.2731 19.2973 19.0865 17.5656
676.0 17.2892 19.3149 19.1196 17.5835
677.0 17.3058 19.3324 19.1527 17.6015
678.0 17.3223 19.35 19.1857 17.6191
679.0 17.3388 19.3677 19.2187 17.6367
680.0 17.3554 19.3852 19.2516 17.6543
681.0 17.3718 19.4023 19.2846 17.6721
682.0 17.3883 19.4196 19.3172 17.6897
683.0 17.4047 19.437 19.3503 17.7075
684.0 17.4215 19.4543 19.383 17.7249
685.0 17.4377 19.4714 19.416 17.7425
686.0 17.4541 19.4887 19.4485 17.7599
687.0 17.4702 19.5059 19.481 17.7774
688.0 17.4864 19.5232 19.5138 17.7949
689.0 17.5025 19.5404 19.5466 17.8126
690.0 17.5188 19.5576 19.5785 17.8303
691.0 17.5353 19.5747 19.6108 17.8479
692.0 17.5518 19.5916 19.6427 17.8655
693.0 17.568 19.6086 19.6752 17.8829
694.0 17.5844 19.6254 19.7074 17.9004
695.0 17.6009 19.6421 19.7394 17.9176
696.0 17.6172 19.6592 19.7712 17.9351
697.0 17.6335 19.6761 19.8027 17.9523
698.0 17.6499 19.6927 19.8349 17.9698
699.0 17.666 19.7095 19.8666 17.9873
700.0 17.6824 19.7262 19.8983 18.0046
701.0 17.6987 19.7428 19.9301 18.0217
702.0 17.7151 19.7595 19.9617 18.0391
703.0 17.7316 19.776 19.9931 18.0565
704.0 17.7477 19.7926 20.0253 18.0736
705.0 17.764 19.8091 20.0571 18.0911
706.0 17.7804 19.8258 20.0889 18.1082
707.0 17.7966 19.8418 20.1202 18.1258
708.0 17.8127 19.8584 20.1517 18.1431
709.0 17.829 19.8751 20.1831 18.1604
710.0 17.8453 19.8915 20.2143 18.1779
711.0 17.8613 19.9081 20.2457 18.1953
712.0 17.8778 19.9246 20.2768 18.2124
713.0 17.8941 19.941 20.3075 18.2296
714.0 17.9105 19.9573 20.3382 18.247
715.0 17.9268 19.9735 20.3693 18.2644
716.0 17.9429 19.9895 20.4006 18.2818
717.0 17.9589 20.006 20.4315 18.2991
718.0 17.9753 20.0222 20.4623 18.3163
719.0 17.9914 20.0387 20.4933 18.334
720.0 18.0077 20.0548 20.5241 18.3515
721.0 18.0239 20.0711 20.5547 18.3691
722.0 18.0403 20.0871 20.5855 18.3863
723.0 18.0566 20.103 20.6165 18.4035
724.0 18.0728 20.1188 20.6467 18.421
725.0 18.0888 20.1349 20.6772 18.4382
726.0 18.105 20.1509 20.7076 18.4552
727.0 18.1212 20.167 20.7382 18.4725
728.0 18.1371 20.1831 20.7684 18.4896
729.0 18.1533 20.1991 20.7985 18.5069
730.0 18.1693 20.2148 20.829 18.5237
731.0 18.1853 20.2305 20.8591 18.5407
732.0 18.2015 20.2464 20.8893 18.5576
733.0 18.2177 20.2621 20.9191 18.5746
734.0 18.2339 20.2777 20.9491 18.592
735.0 18.25 20.2934 20.9794 18.6091
736.0 18.2663 20.3092 21.0095 18.6261
737.0 18.2824 20.3246 21.0394 18.6434
738.0 18.2985 20.3403 21.0689 18.6602
739.0 18.3142 20.3559 21.0984 18.6774
740.0 18.3306 20.3717 21.1282 18.6944
741.0 18.3466 20.3871 21.1577 18.7114
742.0 18.3629 20.4028 21.1869 18.7286
743.0 18.3785 20.4184 21.217 18.7457
744.0 18.3948 20.4338 21.2465 18.7624
745.0 18.4109 20.4493 21.2761 18.7793
746.0 18.4269 20.4645 21.3053 18.7962
747.0 18.4429 20.4797 21.3348 18.8129
748.0 18.459 20.4947 21.3637 18.8298
749.0 18.4751 20.5101 21.3929 18.8466
750.0 18.4911 20.5256 21.422 18.8633
751.0 18.5073 20.5408 21.4508 18.8803
752.0 18.5232 20.5563 21.4799 18.8976
753.0 18.5394 20.5714 21.5089 18.9147
754.0 18.5555 20.5864 21.538 18.9314
755.0 18.5718 20.6013 21.5666 18.9482
756.0 18.5879 20.6163 21.5956 18.965
757.0 18.6039 20.6312 21.6242 18.9818
758.0 18.62 20.6461 21.6528 18.9985
759.0 18.6362 20.6614 21.6812 19.0155
760.0 18.6526 20.6759 21.7097 19.0328
761.0 18.6682 20.6908 21.7382 19.0497
762.0 18.6842 20.7059 21.7666 19.0666
763.0 18.6999 20.7208 21.7953 19.0831
764.0 18.7156 20.7359 21.8239 19.0995
765.0 18.7317 20.7508 21.8522 19.1165
766.0 18.7476 20.7657 21.8804 19.1333
767.0 18.7635 20.7803 21.9085 19.1499
768.0 18.7793 20.7949 21.9366 19.1667
769.0 18.7951 20.8093 21.9645 19.1834
770.0 18.811 20.8241 21.9925 19.2
771.0 18.8267 20.8385 22.0208 19.2169
772.0 18.8426 20.8532 22.0489 19.2339
773.0 18.8585 20.8678 22.0767 19.2506
774.0 18.8742 20.8822 22.1046 19.2675
775.0 18.8901 20.8969 22.1322 19.2847
776.0 18.9059 20.9114 22.1598 19.3016
777.0 18.9218 20.926 22.1873 19.3183
778.0 18.9374 20.9405 22.2147 19.3348
779.0 18.9532 20.9553 22.2424 19.3514
780.0 18.9689 20.9695 22.2695 19.3679
781.0 18.9845 20.9836 22.297 19.3848
782.0 19.0002 20.998 22.3243 19.4013
783.0 19.0159 21.0125 22.3515 19.418
784.0 19.0318 21.0268 22.3785 19.4346
785.0 19.0474 21.0412 22.4058 19.4513
786.0 19.0633 21.0555 22.4328 19.4679
787.0 19.0789 21.0698 22.4597 19.4844
788.0 19.0946 21.0839 22.4868 19.5011
789.0 19.1103 21.098 22.5134 19.5175
790.0 19.1261 21.1124 22.5401 19.5337
791.0 19.1419 21.1266 22.5667 19.5502
792.0 19.1578 21.1408 22.5932 19.5669
793.0 19.1736 21.1549 22.62 19.5835
794.0 19.1894 21.169 22.6463 19.5999
795.0 19.2052 21.183 22.6725 19.6162
796.0 19.2209 21.197 22.6987 19.6326
797.0 19.2364 21.211 22.7249 19.6489
798.0 19.2522 21.2247 22.7515 19.6652
799.0 19.268 21.2383 22.7776 19.6816
800.0 19.2839 21.2524 22.8039 19.6977
801.0 19.2992 21.2661 22.8299 19.7141
802.0 19.3149 21.2797 22.8563 19.7304
803.0 19.3306 21.2933 22.8821 19.747
804.0 19.3462 21.3071 22.9082 19.7634
805.0 19.3622 21.3209 22.9341 19.7796
806.0 19.3779 21.3343 22.9598 19.7959
807.0 19.3937 21.3482 22.9856 19.8123
808.0 19.4097 21.3616 23.0115 19.8282
809.0 19.4255 21.3757 23.0375 19.8445
810.0 19.4411 21.3891 23.0629 19.8609
811.0 19.4571 21.4029 23.0885 19.8771
812.0 19.4728 21.4166 23.114 19.8938
813.0 19.4882 21.4304 23.1392 19.9101
814.0 19.5036 21.4439 23.1645 19.9263
815.0 19.5193 21.4573 23.1897 19.9426
816.0 19.5348 21.4707 23.2148 19.9588
817.0 19.5504 21.484 23.2399 19.9749
818.0 19.566 21.4973 23.2649 19.9912
819.0 19.5816 21.5106 23.2894 20.0075
820.0 19.5972 21.5238 23.3143 20.0236
821.0 19.6129 21.5369 23.3389 20.0398
822.0 19.6286 21.5505 23.3635 20.0558
823.0 19.644 21.5635 23.3885 20.0716
824.0 19.6594 21.577 23.4129 20.0875
825.0 19.6751 21.5905 23.4376 20.1037
826.0 19.6907 21.6038 23.4621 20.1197
827.0 19.7062 21.6172 23.4864 20.1357
828.0 19.7217 21.6304 23.5109 20.1518
829.0 19.7375 21.6434 23.5352 20.1675
830.0 19.753 21.6565 23.5595 20.1831
831.0 19.7684 21.6696 23.5839 20.1993
832.0 19.7842 21.6827 23.608 20.2149
833.0 19.7996 21.696 23.6322 20.2305
834.0 19.8154 21.7093 23.6559 20.2464
835.0 19.8309 21.722 23.6799 20.2621
836.0 19.8464 21.7349 23.7035 20.2781
837.0 19.8617 21.7477 23.7275 20.2939
838.0 19.8774 21.7606 23.751 20.3096
839.0 19.8929 21.7735 23.7744 20.3253
840.0 19.9086 21.7866 23.798 20.3412
841.0 19.9244 21.7998 23.8215 20.3569
842.0 19.9401 21.8127 23.8451 20.3729
843.0 19.9556 21.8254 23.8684 20.3886
844.0 19.9712 21.8382 23.8924 20.4044
845.0 19.9866 21.851 23.9156 20.4201
846.0 20.0022 21.8639 23.9386 20.4356
847.0 20.0178 21.8765 23.9617 20.4514
848.0 20.0335 21.8891 23.9847 20.4668
849.0 20.0488 21.9018 24.008 20.4822
850.0 20.0641 21.9147 24.0312 20.4979
851.0 20.0795 21.9274 24.0541 20.5136
852.0 20.0948 21.9399 24.0769 20.5292
853.0 20.1103 21.9528 24.0992 20.5448
854.0 20.1257 21.9653 24.1217 20.5603
855.0 20.1412 21.9783 24.1442 20.5759
856.0 20.1568 21.9908 24.1671 20.5914
857.0 20.1721 22.0032 24.1895 20.607
858.0 20.1874 22.0158 24.2118 20.6229
859.0 20.2027 22.0281 24.2341 20.6383
860.0 20.2179 22.0407 24.2564 20.6536
861.0 20.2334 22.0533 24.2789 20.669
862.0 20.2488 22.0656 24.3011 20.6843
863.0 20.2641 22.078 24.3233 20.6997
864.0 20.2792 22.0905 24.3456 20.7151
865.0 20.2944 22.1026 24.3679 20.7302
866.0 20.3097 22.1149 24.3898 20.7458
867.0 20.3251 22.1271 24.4118 20.761
868.0 20.3404 22.139 24.4337 20.776
869.0 20.3559 22.1512 24.4556 20.7915
870.0 20.3713 22.1636 24.4774 20.8066
871.0 20.3867 22.176 24.4989 20.8222
872.0 20.402 22.1882 24.5203 20.8376
873.0 20.4174 22.2003 24.5416 20.8528
874.0 20.433 22.2122 24.5629 20.8683
875.0 20.4484 22.2245 24.5838 20.8836
876.0 20.4635 22.2366 24.605 20.8985
877.0 20.4787 22.2484 24.6262 20.9138
878.0 20.4938 22.2601 24.6472 20.929
879.0 20.509 22.2723 24.6687 20.9447
880.0 20.5241 22.2844 24.6897 20.9601
881.0 20.5391 22.2965 24.7104 20.9753
882.0 20.5544 22.3085 24.7315 20.9904
883.0 20.5698 22.3204 24.7523 21.0057
884.0 20.5847 22.3322 24.7733 21.021
885.0 20.5999 22.344 24.794 21.0361
886.0 20.6151 22.3559 24.8148 21.0509
887.0 20.6304 22.3677 24.8355 21.0662
888.0 20.6456 22.3793 24.8563 21.0816
889.0 20.6607 22.3911 24.8768 21.097
890.0 20.6758 22.4029 24.8975 21.1122
891.0 20.6911 22.4144 24.9178 21.1273
892.0 20.7061 22.4261 24.9383 21.1425
893.0 20.7215 22.438 24.9587 21.1574
894.0 20.7369 22.4497 24.979 21.1727
895.0 20.7521 22.4612 24.9992 21.1878
896.0 20.7674 22.473 25.0193 21.2028
897.0 20.7826 22.4844 25.0396 21.2178
898.0 20.7976 22.4961 25.0598 21.2326
899.0 20.8127 22.5072 25.08 21.2476
900.0 20.828 22.5188 25.1001 21.2628
901.0 20.843 22.5306 25.1197 21.2776
902.0 20.8583 22.5421 25.1395 21.2925
903.0 20.8735 22.5535 25.1592 21.3074
904.0 20.8888 22.5648 25.1788 21.3225
905.0 20.9041 22.5764 25.1985 21.3376
906.0 20.9193 22.5876 25.2184 21.3526
907.0 20.9344 22.5989 25.2378 21.3675
908.0 20.9494 22.6099 25.2571 21.3828
909.0 20.9644 22.6212 25.2769 21.3977
910.0 20.9797 22.6327 25.2962 21.4124
911.0 20.9948 22.6443 25.3154 21.4274
912.0 21.0101 22.6557 25.3343 21.4425
913.0 21.0253 22.6671 25.3535 21.4574
914.0 21.0404 22.6783 25.373 21.4719
915.0 21.0554 22.6894 25.3921 21.487
916.0 21.0706 22.7005 25.411 21.5014
917.0 21.0857 22.7116 25.43 21.5168
918.0 21.1009 22.7225 25.4488 21.5316
919.0 21.1161 22.7337 25.468 21.5466
920.0 21.1313 22.7447 25.487 21.5615
921.0 21.1463 22.7558 25.5057 21.5761
922.0 21.1613 22.767 25.5247 21.5911
923.0 21.1761 22.7782 25.5434 21.6059
924.0 21.1911 22.7892 25.562 21.621
925.0 21.2061 22.8001 25.5806 21.6358
926.0 21.2211 22.811 25.599 21.6505
927.0 21.2364 22.8221 25.6174 21.6654
928.0 21.2516 22.8327 25.6356 21.6802
929.0 21.2669 22.8437 25.6539 21.6949
930.0 21.2819 22.8547 25.6721 21.7099
931.0 21.297 22.8656 25.6902 21.7248
932.0 21.3118 22.8764 25.7083 21.7396
933.0 21.3267 22.887 25.7261 21.7543
934.0 21.3417 22.8978 25.7438 21.7689
935.0 21.357 22.9085 25.7615 21.7835
936.0 21.3718 22.9194 25.7796 21.7984
937.0 21.3868 22.9301 25.7972 21.813
938.0 21.4017 22.9409 25.8152 21.8277
939.0 21.4168 22.9518 25.833 21.8426
940.0 21.4318 22.9624 25.8505 21.8574
941.0 21.4466 22.973 25.8682 21.872
942.0 21.4615 22.9835 25.8857 21.8867
943.0 21.4764 22.994 25.903 21.9015
944.0 21.4909 23.0047 25.9203 21.9163
945.0 21.5059 23.0157 25.9373 21.9309
946.0 21.5207 23.0263 25.9549 21.9454
947.0 21.5354 23.0368 25.9719 21.9599
948.0 21.5505 23.0474 25.9889 21.9743
949.0 21.5655 23.0578 26.0061 21.9889
950.0 21.5805 23.0685 26.0229 22.0033
951.0 21.5952 23.079 26.0402 22.0177
952.0 21.6102 23.0892 26.0574 22.0321
953.0 21.6252 23.0996 26.0745 22.0464
954.0 21.6401 23.11 26.0914 22.061
955.0 21.6551 23.1202 26.1081 22.0752
956.0 21.6699 23.1306 26.125 22.0897
957.0 21.6846 23.141 26.1417 22.1042
958.0 21.6994 23.1513 26.1583 22.1185
959.0 21.7141 23.1614 26.1746 22.1328
960.0 21.7288 23.1714 26.1911 22.1472
961.0 21.7439 23.1815 26.2076 22.1613
962.0 21.7586 23.1919 26.2241 22.1759
963.0 21.7735 23.2022 26.2405 22.1902
964.0 21.7885 23.2126 26.2569 22.2042
965.0 21.8035 23.2227 26.2733 22.2187
966.0 21.8183 23.2328 26.2897 22.2332
967.0 21.833 23.2429 26.3057 22.2474
968.0 21.8478 23.253 26.3217 22.2618
969.0 21.8628 23.2632 26.3379 22.2761
970.0 21.8778 23.2733 26.3537 22.2905
971.0 21.8926 23.2836 26.3695 22.3046
972.0 21.9074 23.2936 26.3855 22.3187
973.0 21.9221 23.3035 26.4012 22.333
974.0 21.9366 23.3132 26.4173 22.3472
975.0 21.9516 23.323 26.4328 22.3611
976.0 21.9662 23.3331 26.448 22.3752
977.0 21.981 23.3433 26.4636 22.3891
978.0 21.9961 23.3533 26.479 22.4034
979.0 22.011 23.3632 26.4945 22.4174
980.0 22.0258 23.373 26.51 22.4314
981.0 22.0403 23.3827 26.5252 22.4457
982.0 22.0549 23.3925 26.5404 22.4596
983.0 22.0696 23.4023 26.5557 22.4735
984.0 22.0841 23.4121 26.5707 22.4874
985.0 22.0989 23.422 26.5857 22.5014
986.0 22.113 23.4317 26.6005 22.5154
987.0 22.128 23.4415 26.6154 22.5293
988.0 22.1428 23.4513 26.6304 22.5433
989.0 22.1574 23.4612 26.6454 22.557
990.0 22.1719 23.4709 26.6602 22.5709
991.0 22.1866 23.4804 26.6751 22.585
992.0 22.2011 23.4901 26.6899 22.5989
993.0 22.2158 23.4996 26.7048 22.6126
994.0 22.2305 23.5094 26.7193 22.6265
995.0 22.2453 23.5192 26.7338 22.6405
996.0 22.2599 23.5288 26.7482 22.6546
997.0 22.2745 23.5385 26.7627 22.6684
998.0 22.289 23.5482 26.777 22.6824
999.0 22.3036 23.5579 26.7911 22.6963
1000.0 22.3183 23.5674 26.8054 22.7101
1001.0 22.3329 23.5768 26.8197 22.7241
1002.0 22.3474 23.5861 26.8341 22.7381
1003.0 22.3618 23.5958 26.8483 22.7519
1004.0 22.3765 23.6051 26.8628 22.7658
1005.0 22.3909 23.6149 26.8769 22.7793
1006.0 22.4055 23.6242 26.8909 22.7932
1007.0 22.4202 23.6335 26.9051 22.8067
1008.0 22.435 23.6432 26.9192 22.8204
1009.0 22.4494 23.6526 26.9331 22.8343
1010.0 22.4641 23.662 26.9468 22.848
1011.0 22.4787 23.6714 26.9605 22.8623
1012.0 22.4931 23.6809 26.9743 22.8764
1013.0 22.5079 23.6901 26.9882 22.8902
1014.0 22.5224 23.6994 27.0021 22.9039
1015.0 22.5369 23.7084 27.016 22.9176
1016.0 22.5513 23.7176 27.0295 22.9312
1017.0 22.5661 23.7268 27.0431 22.9444
1018.0 22.5805 23.7361 27.0564 22.9581
1019.0 22.595 23.7451 27.07 22.9714
1020.0 22.6095 23.7544 27.0834 22.9849
1021.0 22.6241 23.7634 27.097 22.9984
1022.0 22.6385 23.7724 27.1102 23.0121
1023.0 22.653 23.7815 27.1237 23.0255
1024.0 22.6674 23.7908 27.1366 23.0391
1025.0 22.6819 23.7999 27.1498 23.053
1026.0 22.6967 23.8091 27.163 23.0665
1027.0 22.7112 23.8181 27.1756 23.08
1028.0 22.7257 23.8273 27.1887 23.0938
1029.0 22.74 23.8362 27.2018 23.1073
1030.0 22.7545 23.8452 27.2145 23.1212
1031.0 22.7692 23.8542 27.2275 23.1344
1032.0 22.7833 23.8632 27.2406 23.148
1033.0 22.798 23.8723 27.2535 23.1612
1034.0 22.8127 23.8812 27.2663 23.1746
1035.0 22.8272 23.8902 27.2788 23.1879
1036.0 22.8415 23.8992 27.2912 23.2011
1037.0 22.8561 23.9081 27.3038 23.2144
1038.0 22.8708 23.9169 27.3162 23.2278
1039.0 22.8851 23.9258 27.3286 23.2414
1040.0 22.8997 23.9346 27.341 23.255
1041.0 22.9143 23.9435 27.3534 23.2683
1042.0 22.929 23.9525 27.3659 23.2814
1043.0 22.9432 23.9614 27.378 23.2946
1044.0 22.9576 23.97 27.3903 23.3077
1045.0 22.9723 23.9786 27.4025 23.3211
1046.0 22.9869 23.9872 27.4145 23.334
1047.0 23.0012 23.9961 27.4265 23.3472
1048.0 23.0157 24.0049 27.4382 23.3602
1049.0 23.0303 24.0139 27.4502 23.3738
1050.0 23.0445 24.0226 27.4623 23.3867
1051.0 23.0589 24.0313 27.4742 23.3999
1052.0 23.073 24.0399 27.4856 23.4131
1053.0 23.0872 24.0485 27.4973 23.4265
1054.0 23.1016 24.0572 27.5091 23.4395
1055.0 23.1161 24.066 27.5207 23.4528
1056.0 23.1306 24.0743 27.5322 23.466
1057.0 23.1451 24.0829 27.5441 23.4788
1058.0 23.1592 24.0914 27.556 23.4919
1059.0 23.1736 24.1 27.5675 23.505
1060.0 23.1877 24.1085 27.5789 23.518
1061.0 23.2022 24.1172 27.5905 23.531
1062.0 23.2165 24.1256 27.6019 23.5438
1063.0 23.2305 24.1342 27.6133 23.5568
1064.0 23.2446 24.1425 27.6247 23.5696
1065.0 23.2591 24.151 27.6358 23.5823
1066.0 23.2733 24.1595 27.6468 23.5951
1067.0 23.2878 24.1679 27.6579 23.6078
1068.0 23.3022 24.1766 27.6692 23.6207
1069.0 23.3161 24.1849 27.6802 23.6336
1070.0 23.3307 24.1932 27.6909 23.6464
1071.0 23.3446 24.2016 27.7019 23.6593
1072.0 23.3591 24.21 27.7128 23.6721
1073.0 23.3735 24.2184 27.7237 23.6851
1074.0 23.3878 24.2266 27.7346 23.6978
1075.0 23.4023 24.2348 27.7457 23.7109
1076.0 23.4165 24.2433 27.7565 23.7237
1077.0 23.4308 24.2512 27.7672 23.7362
1078.0 23.4453 24.2593 27.7781 23.7486
1079.0 23.4597 24.2674 27.7891 23.7612
1080.0 23.4738 24.2756 27.7995 23.7739
1081.0 23.488 24.2838 27.8099 23.7867
1082.0 23.5024 24.2918 27.8203 23.7996
1083.0 23.5166 24.2997 27.8307 23.8124
1084.0 23.5309 24.3078 27.8412 23.8248
1085.0 23.5455 24.3158 27.8517 23.8375
1086.0 23.5597 24.3241 27.8618 23.8501
1087.0 23.5742 24.3324 27.8726 23.8627
1088.0 23.5884 24.3405 27.8827 23.8752
1089.0 23.6028 24.3486 27.8931 23.8878
1090.0 23.6171 24.3564 27.903 23.9004
1091.0 23.6313 24.3646 27.9134 23.9131
1092.0 23.6455 24.3726 27.9237 23.9256
1093.0 23.6599 24.3807 27.9341 23.9379
1094.0 23.6742 24.3887 27.9443 23.9503
1095.0 23.6883 24.3965 27.9541 23.9629
1096.0 23.7023 24.4044 27.964 23.9756
1097.0 23.7166 24.4124 27.9739 23.988
1098.0 23.7308 24.4202 27.9839 24.0006
1099.0 23.745 24.4281 27.9936 24.013
1100.0 23.7592 24.4359 28.0033 24.0256
1101.0 23.7734 24.4436 28.0131 24.0379
1102.0 23.7878 24.4517 28.0228 24.0503
1103.0 23.8019 24.4594 28.0329 24.0625
1104.0 23.8161 24.4673 28.0426 24.0749
1105.0 23.8302 24.4749 28.0525 24.0873
1106.0 23.8445 24.4827 28.0622 24.0996
1107.0 23.8587 24.4906 28.0717 24.1121
1108.0 23.873 24.4982 28.0814 24.1242
1109.0 23.8874 24.5059 28.0912 24.1366
1110.0 23.9013 24.5136 28.1006 24.1489
1111.0 23.9156 24.5211 28.1099 24.161
1112.0 23.9298 24.5286 28.1193 24.173
1113.0 23.944 24.5364 28.1285 24.1851
1114.0 23.9579 24.5441 28.1378 24.1975
1115.0 23.9722 24.5519 28.1469 24.2097
1116.0 23.9863 24.5596 28.1561 24.2224
1117.0 24.0002 24.5671 28.1653 24.2348
1118.0 24.0142 24.5749 28.1744 24.2472
1119.0 24.0285 24.5824 28.1836 24.2595
1120.0 24.0422 24.5901 28.1928 24.2716
1121.0 24.0562 24.5977 28.202 24.2838
1122.0 24.07 24.6055 28.2112 24.2959
1123.0 24.084 24.6129 28.22 24.3082
1124.0 24.0977 24.6203 28.229 24.3206
1125.0 24.112 24.6277 28.2379 24.3325
1126.0 24.1261 24.635 28.2467 24.3449
1127.0 24.14 24.6423 28.2556 24.3569
1128.0 24.1542 24.6496 28.2641 24.3691
1129.0 24.1682 24.6571 28.2728 24.3812
1130.0 24.1819 24.6647 28.2813 24.3936
1131.0 24.1958 24.672 28.29 24.4057
1132.0 24.2099 24.6795 28.2987 24.4178
1133.0 24.2238 24.6868 28.3072 24.4299
1134.0 24.2376 24.6943 28.316 24.442
1135.0 24.2516 24.7016 28.3246 24.4539
1136.0 24.2655 24.7089 28.3331 24.4662
1137.0 24.2795 24.7162 28.3418 24.4782
1138.0 24.2933 24.7236 28.3502 24.4903
1139.0 24.3071 24.731 28.3587 24.5024
1140.0 24.321 24.7385 28.3669 24.5146
1141.0 24.3347 24.7459 28.3754 24.5266
1142.0 24.3486 24.7532 28.3836 24.5386
1143.0 24.3626 24.7605 28.3919 24.5508
1144.0 24.3765 24.7677 28.4001 24.5629
1145.0 24.3902 24.7749 28.4085 24.5747
1146.0 24.404 24.7823 28.4167 24.5868
1147.0 24.4175 24.7897 28.4247 24.5988
1148.0 24.4314 24.7969 28.4328 24.6109
1149.0 24.4453 24.8042 28.4408 24.6227
1150.0 24.4592 24.8113 28.4488 24.6346
1151.0 24.4729 24.8182 28.4567 24.6467
1152.0 24.4867 24.8255 28.4649 24.6588
1153.0 24.5006 24.8327 28.4728 24.6707
1154.0 24.5144 24.8397 28.4805 24.6825
1155.0 24.5281 24.847 28.4883 24.6945
1156.0 24.5421 24.8541 28.4962 24.7065
1157.0 24.5557 24.8612 28.5041 24.7184
1158.0 24.5697 24.8684 28.5119 24.7302
1159.0 24.5835 24.8756 28.5196 24.7417
1160.0 24.597 24.8826 28.5273 24.7534
1161.0 24.6106 24.8894 28.5351 24.7651
1162.0 24.6242 24.8965 28.5427 24.7769
1163.0 24.6379 24.9037 28.5505 24.7884
1164.0 24.6515 24.9105 28.5579 24.7998
1165.0 24.6652 24.9177 28.5659 24.8117
1166.0 24.6787 24.9247 28.5735 24.8238
1167.0 24.6923 24.9317 28.5812 24.8355
1168.0 24.7058 24.9386 28.5886 24.8473
1169.0 24.7195 24.9457 28.5961 24.859
1170.0 24.7329 24.9525 28.6036 24.8708
1171.0 24.7464 24.9595 28.6108 24.8827
1172.0 24.7598 24.9663 28.6179 24.8943
1173.0 24.7734 24.973 28.6252 24.9059
1174.0 24.7868 24.9797 28.6323 24.9175
1175.0 24.8004 24.9865 28.6395 24.9293
1176.0 24.814 24.9933 28.6466 24.941
1177.0 24.8275 24.9999 28.6539 24.9527
1178.0 24.8408 25.0068 28.6611 24.9642
1179.0 24.8542 25.0139 28.6682 24.9756
1180.0 24.868 25.0206 28.6752 24.9873
1181.0 24.8814 25.0272 28.6821 24.9989
1182.0 24.895 25.0341 28.6889 25.0106
1183.0 24.9085 25.0409 28.6957 25.0223
1184.0 24.9217 25.0477 28.7024 25.034
1185.0 24.9351 25.0545 28.7092 25.0455
1186.0 24.9484 25.0613 28.7161 25.0572
1187.0 24.9621 25.0679 28.7228 25.0689
1188.0 24.9758 25.0747 28.7297 25.0803
1189.0 24.9892 25.0812 28.7362 25.0918
1190.0 25.0026 25.0879 28.743 25.1033
1191.0 25.0159 25.0948 28.7496 25.1147
1192.0 25.0291 25.1014 28.7563 25.1262
1193.0 25.0424 25.1081 28.7632 25.1376
1194.0 25.0559 25.1148 28.7697 25.1491
1195.0 25.0692 25.1214 28.7761 25.1606
1196.0 25.0825 25.1283 28.7827 25.172
1197.0 25.0958 25.1351 28.7894 25.1834
1198.0 25.1093 25.1419 28.7959 25.1948
1199.0 25.1228 25.1488 28.8024 25.2063
1200.0 25.1362 25.1552 28.8087 25.2178
1201.0 25.1497 25.1617 28.815 25.2292
1202.0 25.163 25.1684 28.8212 25.2405
1203.0 25.1761 25.1748 28.828 25.2517
1204.0 25.1896 25.1812 28.8341 25.2628
1205.0 25.2027 25.1878 28.8404 25.2741
1206.0 25.2162 25.1943 28.8466 25.2852
1207.0 25.2293 25.2007 28.853 25.2964
1208.0 25.2426 25.2072 28.859 25.3075
1209.0 25.2557 25.2138 28.8654 25.3189
1210.0 25.2691 25.2203 28.8715 25.3303
1211.0 25.2824 25.2266 28.8777 25.3414
1212.0 25.2955 25.233 28.8836 25.3525
1213.0 25.3089 25.2394 28.8897 25.3637
1214.0 25.3222 25.2459 28.8959 25.3751
1215.0 25.3351 25.2523 28.902 25.3864
1216.0 25.3484 25.2588 28.9079 25.3976
1217.0 25.3612 25.2651 28.9139 25.4088
1218.0 25.3748 25.2714 28.9198 25.4201
1219.0 25.3879 25.2778 28.9257 25.4314
1220.0 25.4014 25.284 28.9315 25.4426
1221.0 25.4145 25.2904 28.9373 25.4539
1222.0 25.4274 25.2966 28.9431 25.4652
1223.0 25.4407 25.3032 28.9491 25.4766
1224.0 25.4537 25.3093 28.9549 25.488
1225.0 25.4668 25.3157 28.9605 25.4994
1226.0 25.4798 25.3219 28.9663 25.5105
1227.0 25.493 25.3283 28.9717 25.5218
1228.0 25.5062 25.3345 28.9773 25.5331
1229.0 25.5194 25.3409 28.9829 25.5444
1230.0 25.5327 25.3472 28.9887 25.5558
1231.0 25.5457 25.3538 28.9939 25.5668
1232.0 25.5589 25.3599 28.9994 25.5778
1233.0 25.5718 25.3661 29.0051 25.5888
1234.0 25.5851 25.3722 29.0106 25.6
1235.0 25.5981 25.3785 29.016 25.6112
1236.0 25.6109 25.3845 29.0217 25.6226
1237.0 25.6239 25.3908 29.027 25.634
1238.0 25.6368 25.3968 29.0324 25.6451
1239.0 25.6497 25.4032 29.0377 25.6563
1240.0 25.6626 25.4094 29.043 25.6676
1241.0 25.6756 25.4154 29.0481 25.679
1242.0 25.6887 25.4215 29.0532 25.6901
1243.0 25.7015 25.4277 29.0583 25.7011
1244.0 25.7146 25.4336 29.0634 25.7121
1245.0 25.7277 25.4398 29.0687 25.7232
1246.0 25.7409 25.4457 29.0739 25.7344
1247.0 25.7539 25.4517 29.079 25.7454
1248.0 25.767 25.4578 29.0841 25.7564
1249.0 25.7798 25.4636 29.0894 25.7675
1250.0 25.7928 25.4694 29.0946 25.7786
1251.0 25.8058 25.4753 29.0999 25.7896
1252.0 25.8188 25.4814 29.1048 25.8006
1253.0 25.8318 25.4874 29.1098 25.8119
1254.0 25.8448 25.4933 29.1147 25.8228
1255.0 25.8578 25.4992 29.1198 25.8336
1256.0 25.8708 25.5054 29.1248 25.8444
1257.0 25.8839 25.5111 29.1297 25.8553
1258.0 25.8969 25.5171 29.1345 25.8662
1259.0 25.91 25.5229 29.1392 25.8774
1260.0 25.9233 25.5287 29.1442 25.8886
1261.0 25.9361 25.5343 29.1492 25.8996
1262.0 25.949 25.5402 29.1541 25.9102
1263.0 25.9619 25.5462 29.1589 25.9212
1264.0 25.975 25.5521 29.1638 25.9322
1265.0 25.988 25.5581 29.1685 25.9432
1266.0 26.001 25.5638 29.1733 25.9541
1267.0 26.014 25.5697 29.178 25.965
1268.0 26.0268 25.5754 29.1829 25.9757
1269.0 26.0399 25.5812 29.1875 25.9867
1270.0 26.0529 25.587 29.1922 25.9978
1271.0 26.0659 25.5928 29.1969 26.0088
1272.0 26.079 25.5986 29.2015 26.0198
1273.0 26.0921 25.6043 29.2059 26.0307
1274.0 26.1048 25.6101 29.21 26.0414
1275.0 26.1177 25.6158 29.2148 26.0522
1276.0 26.1306 25.6215 29.2194 26.0627
1277.0 26.1436 25.6274 29.2238 26.0737
1278.0 26.1562 25.6328 29.228 26.0842
1279.0 26.169 25.6383 29.2324 26.0952
1280.0 26.1818 25.6441 29.2367 26.1058
1281.0 26.1945 25.6498 29.2409 26.1165
1282.0 26.2072 25.6553 29.2455 26.1275
1283.0 26.2201 25.661 29.25 26.1379
1284.0 26.2331 25.6667 29.2543 26.1487
1285.0 26.246 25.6723 29.2587 26.1595
1286.0 26.2591 25.6778 29.263 26.1701
1287.0 26.2716 25.6836 29.2672 26.181
1288.0 26.2844 25.6893 29.2714 26.1918
1289.0 26.2974 25.6949 29.2753 26.2024
1290.0 26.3102 25.7005 29.2794 26.2131
1291.0 26.323 25.7061 29.2836 26.2239
1292.0 26.3359 25.7115 29.2878 26.2345
1293.0 26.3486 25.7171 29.2919 26.245
1294.0 26.3611 25.7225 29.2959 26.2554
1295.0 26.3738 25.7281 29.3 26.266
1296.0 26.3866 25.7337 29.304 26.2764
1297.0 26.3991 25.7392 29.308 26.2867
1298.0 26.4119 25.7448 29.3118 26.2969
1299.0 26.4245 25.7502 29.3158 26.3073
1300.0 26.4371 25.7558 29.3196 26.3177
1301.0 26.4497 25.7611 29.3235 26.3282
1302.0 26.4622 25.7664 29.3272 26.3387
1303.0 26.475 25.772 29.3309 26.3493
1304.0 26.4876 25.7774 29.3351 26.3595
1305.0 26.5002 25.7829 29.3389 26.3702
1306.0 26.5126 25.7882 29.3427 26.3804
1307.0 26.5252 25.7938 29.3463 26.3908
1308.0 26.5379 25.7992 29.3503 26.4011
1309.0 26.5507 25.8044 29.354 26.4113
1310.0 26.5635 25.8097 29.3576 26.4214
1311.0 26.576 25.815 29.3612 26.4317
1312.0 26.5887 25.8201 29.3647 26.4417
1313.0 26.601 25.8254 29.3685 26.452
1314.0 26.6138 25.8306 29.3722 26.4622
1315.0 26.6263 25.8359 29.376 26.4723
1316.0 26.639 25.8411 29.3798 26.4826
1317.0 26.6516 25.8465 29.3834 26.4929
1318.0 26.6642 25.8518 29.3871 26.503
1319.0 26.6771 25.8571 29.3906 26.5131
1320.0 26.6895 25.8626 29.3942 26.5232
1321.0 26.702 25.8678 29.3977 26.5331
1322.0 26.7145 25.873 29.4011 26.5432
1323.0 26.7273 25.8783 29.4046 26.5533
1324.0 26.7398 25.8834 29.408 26.5631
1325.0 26.7524 25.8884 29.4116 26.5731
1326.0 26.7649 25.8934 29.4149 26.5831
1327.0 26.7772 25.8985 29.4181 26.5931
1328.0 26.7895 25.9036 29.4217 26.6032
1329.0 26.802 25.9089 29.4249 26.6131
1330.0 26.8147 25.9141 29.4284 26.623
1331.0 26.827 25.9192 29.4318 26.6333
1332.0 26.8393 25.9244 29.4351 26.6434
1333.0 26.8519 25.9296 29.4385 26.6534
1334.0 26.8642 25.9349 29.4418 26.6634
1335.0 26.8768 25.9402 29.4451 26.6734
1336.0 26.8893 25.9452 29.4484 26.6835
1337.0 26.902 25.9503 29.4517 26.6935
1338.0 26.9147 25.9553 29.4549 26.7034
1339.0 26.9273 25.9604 29.4579 26.7133
1340.0 26.9397 25.9657 29.4613 26.7231
1341.0 26.9518 25.9707 29.4646 26.7328
1342.0 26.9641 25.9757 29.4678 26.7424
1343.0 26.9763 25.9808 29.471 26.7521
1344.0 26.9888 25.9857 29.474 26.7617
1345.0 27.0011 25.9907 29.4773 26.7716
1346.0 27.0133 25.9957 29.4803 26.7813
1347.0 27.0255 26.0007 29.4834 26.791
1348.0 27.0378 26.0057 29.4866 26.8007
1349.0 27.0503 26.0105 29.4898 26.8105
1350.0 27.0627 26.0156 29.4927 26.8202
1351.0 27.0751 26.0205 29.4958 26.83
1352.0 27.0872 26.0256 29.4987 26.8396
1353.0 27.0995 26.0304 29.5017 26.8491
1354.0 27.1118 26.0353 29.5046 26.8586
1355.0 27.124 26.0402 29.5077 26.8682
1356.0 27.1363 26.0453 29.5108 26.8778
1357.0 27.1486 26.0503 29.5136 26.8873
1358.0 27.1607 26.0553 29.5164 26.8969
1359.0 27.1726 26.0602 29.5194 26.9063
1360.0 27.1847 26.0652 29.5224 26.9159
1361.0 27.1964 26.0701 29.5252 26.9255
1362.0 27.2086 26.0751 29.528 26.9349
1363.0 27.2209 26.0802 29.5306 26.9443
1364.0 27.2332 26.0852 29.5335 26.9536
1365.0 27.245 26.0901 29.5364 26.9628
1366.0 27.2572 26.0951 29.5393 26.972
1367.0 27.2693 26.0999 29.5419 26.9815
1368.0 27.2813 26.1049 29.5447 26.9906
1369.0 27.2933 26.1097 29.5475 26.9998
1370.0 27.3052 26.1143 29.5503 27.0091
1371.0 27.317 26.1189 29.5531 27.0183
1372.0 27.3287 26.1236 29.556 27.0275
1373.0 27.3407 26.1284 29.5585 27.0368
1374.0 27.3528 26.1332 29.5611 27.046
1375.0 27.3648 26.1378 29.5636 27.0552
1376.0 27.3769 26.1426 29.5661 27.0642
1377.0 27.3885 26.1474 29.5687 27.0732
1378.0 27.4002 26.1523 29.5714 27.0823
1379.0 27.412 26.1571 29.5741 27.0914
1380.0 27.4239 26.1621 29.5767 27.1007
1381.0 27.4358 26.1668 29.5791 27.1098
1382.0 27.4477 26.1715 29.5816 27.1188
1383.0 27.4595 26.1763 29.5842 27.1277
1384.0 27.4715 26.1811 29.5867 27.1369
1385.0 27.4836 26.1858 29.5894 27.1458
1386.0 27.4955 26.1905 29.5917 27.155
1387.0 27.5077 26.1953 29.5943 27.164
1388.0 27.5196 26.1999 29.5968 27.1729
1389.0 27.5312 26.2045 29.5992 27.1816
1390.0 27.5431 26.2091 29.6018 27.1902
1391.0 27.5546 26.2138 29.6043 27.1991
1392.0 27.5665 26.2184 29.6067 27.2081
1393.0 27.5782 26.2229 29.6091 27.2171
1394.0 27.5898 26.2275 29.6113 27.2259
1395.0 27.6014 26.2323 29.6135 27.235
1396.0 27.6131 26.2368 29.6159 27.2439
1397.0 27.6248 26.2413 29.618 27.2532
1398.0 27.6367 26.2458 29.6204 27.2622
1399.0 27.6483 26.2502 29.6227 27.2709
1400.0 27.66 26.2547 29.625 27.2799
1401.0 27.6716 26.2594 29.6273 27.2889
1402.0 27.6836 26.2641 29.6297 27.2978
1403.0 27.6953 26.2685 29.6321 27.3067
1404.0 27.7071 26.273 29.6343 27.3155
1405.0 27.7184 26.2778 29.6363 27.3246
1406.0 27.7301 26.2824 29.6385 27.3335
1407.0 27.7419 26.2866 29.6408 27.3423
1408.0 27.7533 26.2911 29.643 27.3508
1409.0 27.7649 26.2957 29.6452 27.3596
1410.0 27.7764 26.3001 29.6473 27.3684
1411.0 27.788 26.3044 29.6496 27.3771
1412.0 27.7995 26.309 29.6518 27.3859
1413.0 27.8111 26.3134 29.6539 27.3946
1414.0 27.8223 26.3179 29.6562 27.4034
1415.0 27.8336 26.3223 29.6582 27.4121
1416.0 27.8452 26.3268 29.6601 27.4205
1417.0 27.8568 26.3313 29.6622 27.4292
1418.0 27.8682 26.3357 29.6643 27.4378
1419.0 27.8799 26.34 29.6661 27.4465
1420.0 27.8911 26.3446 29.6683 27.4551
1421.0 27.9024 26.3492 29.6703 27.4639
1422.0 27.9138 26.3534 29.6725 27.4724
1423.0 27.9251 26.3581 29.6746 27.4809
1424.0 27.9364 26.3626 29.6766 27.4895
1425.0 27.9478 26.3669 29.6785 27.4981
1426.0 27.959 26.3713 29.6804 27.5066
1427.0 27.9702 26.3758 29.6825 27.5151
1428.0 27.9814 26.38 29.6846 27.5237
1429.0 27.9928 26.3844 29.6864 27.5323
1430.0 28.0042 26.3887 29.6883 27.5407
1431.0 28.0156 26.3931 29.6902 27.5493
1432.0 28.0267 26.3975 29.692 27.5578
1433.0 28.0378 26.4018 29.6941 27.5662
1434.0 28.049 26.4059 29.6961 27.5748
1435.0 28.0602 26.4103 29.698 27.5833
1436.0 28.0712 26.4147 29.6999 27.5917
1437.0 28.0825 26.4191 29.7019 27.5998
1438.0 28.0936 26.4233 29.7036 27.608
1439.0 28.1047 26.4274 29.7055 27.6164
1440.0 28.1157 26.4316 29.7074 27.6249
1441.0 28.127 26.4359 29.7092 27.6333
1442.0 28.1382 26.44 29.7109 27.6415
1443.0 28.1492 26.4442 29.7127 27.6497
1444.0 28.1603 26.4486 29.7144 27.6579
1445.0 28.1714 26.4528 29.7163 27.6662
1446.0 28.1823 26.4571 29.718 27.6743
1447.0 28.1932 26.4614 29.72 27.6825
1448.0 28.2042 26.4654 29.7218 27.6908
1449.0 28.215 26.4695 29.7236 27.6991
1450.0 28.2259 26.4738 29.7254 27.7072
1451.0 28.2368 26.478 29.7272 27.7152
1452.0 28.2479 26.4821 29.7291 27.7235
1453.0 28.2586 26.4861 29.7307 27.7315
1454.0 28.2692 26.4904 29.7323 27.7395
1455.0 28.28 26.4944 29.7339 27.7478
1456.0 28.2908 26.4987 29.7355 27.7559
1457.0 28.3017 26.503 29.7372 27.7639
1458.0 28.3123 26.507 29.7388 27.7718
1459.0 28.323 26.5109 29.7406 27.7798
1460.0 28.3337 26.5152 29.7422 27.7877
1461.0 28.3443 26.5194 29.7439 27.7958
1462.0 28.3552 26.5232 29.7457 27.8039
1463.0 28.3658 26.5271 29.7473 27.812
1464.0 28.3761 26.5314 29.7487 27.82
1465.0 28.3864 26.5354 29.7504 27.828
1466.0 28.397 26.5396 29.752 27.836
1467.0 28.4076 26.5436 29.7536 27.844
1468.0 28.4182 26.5476 29.755 27.8518
1469.0 28.4287 26.5517 29.7565 27.8596
1470.0 28.4392 26.5559 29.7579 27.8675
1471.0 28.4498 26.5599 29.7594 27.8755
1472.0 28.4604 26.564 29.7609 27.8833
1473.0 28.4708 26.5681 29.7624 27.8914
1474.0 28.4811 26.5721 29.7639 27.8993
1475.0 28.4914 26.5762 29.7653 27.9069
1476.0 28.5018 26.5801 29.7669 27.9147
1477.0 28.5122 26.584 29.7682 27.9226
1478.0 28.5224 26.588 29.7697 27.9302
1479.0 28.5327 26.5919 29.7712 27.9379
1480.0 28.5429 26.5957 29.7726 27.9453
1481.0 28.5531 26.5997 29.774 27.953
1482.0 28.5634 26.6036 29.7754 27.9609
1483.0 28.5738 26.6074 29.7768 27.9687
1484.0 28.584 26.6115 29.7782 27.9763
1485.0 28.5946 26.6155 29.7796 27.9841
1486.0 28.6049 26.6194 29.7812 27.9914
1487.0 28.6153 26.6234 29.7827 27.9989
1488.0 28.6256 26.6272 29.7839 28.0062
1489.0 28.6359 26.6309 29.7852 28.0136
1490.0 28.646 26.6349 29.7866 28.0211
1491.0 28.6562 26.6389 29.7879 28.0287
1492.0 28.6662 26.6427 29.7892 28.0361
1493.0 28.6764 26.6466 29.7905 28.0434
1494.0 28.6863 26.6504 29.7917 28.051
1495.0 28.6964 26.6541 29.793 28.0584
1496.0 28.7066 26.6578 29.7942 28.0659
1497.0 28.7165 26.6617 29.7956 28.0735
1498.0 28.7265 26.6657 29.7969 28.0808
1499.0 28.7365 26.6694 29.7983 28.0881
1500.0 28.7463 26.6735 29.7995 28.0956
1501.0 28.7563 26.6773 29.8007 28.1028
1502.0 28.766 26.6811 29.8019 28.11
1503.0 28.7757 26.6848 29.8032 28.1172
1504.0 28.7851 26.6885 29.8045 28.1245
1505.0 28.7951 26.6923 29.8057 28.1316
1506.0 28.8049 26.6962 29.8069 28.1388
1507.0 28.8149 26.7002 29.8082 28.146
1508.0 28.8247 26.7038 29.8094 28.1532
1509.0 28.8342 26.7076 29.8107 28.1602
1510.0 28.8439 26.7114 29.8117 28.1673
1511.0 28.8535 26.7149 29.8128 28.1745
1512.0 28.8629 26.7185 29.814 28.1816
1513.0 28.8726 26.7223 29.8152 28.1889
1514.0 28.8823 26.726 29.8163 28.1962
1515.0 28.8919 26.7298 29.8175 28.2033
1516.0 28.9013 26.7335 29.8187 28.2103
1517.0 28.9109 26.7371 29.82 28.2175
1518.0 28.9203 26.7407 29.8212 28.2248
1519.0 28.93 26.7445 29.8223 28.2318
1520.0 28.9395 26.7483 29.8234 28.2389
1521.0 28.9491 26.7518 29.8245 28.246
1522.0 28.9583 26.7554 29.8258 28.2531
1523.0 28.9678 26.7591 29.8269 28.26
1524.0 28.9772 26.7629 29.828 28.2672
1525.0 28.9866 26.7666 29.829 28.2742
1526.0 28.996 26.7704 29.83 28.2811
1527.0 29.0053 26.7742 29.8311 28.2881
1528.0 29.0148 26.7778 29.8323 28.295
1529.0 29.024 26.7817 29.8333 28.3019
1530.0 29.0335 26.7852 29.8344 28.3089
1531.0 29.0428 26.789 29.8355 28.3159
1532.0 29.052 26.7926 29.8364 28.3228
1533.0 29.0611 26.7962 29.8376 28.3296
1534.0 29.0702 26.7998 29.8386 28.3363
1535.0 29.0792 26.8031 29.8396 28.3432
1536.0 29.088 26.8067 29.8406 28.35
1537.0 29.097 26.8103 29.8417 28.3567
1538.0 29.1057 26.8139 29.8426 28.3633
1539.0 29.1145 26.8174 29.8436 28.3701
1540.0 29.1232 26.8209 29.8446 28.3769
1541.0 29.1321 26.8246 29.8454 28.3838
1542.0 29.1408 26.828 29.8465 28.3904
1543.0 29.1495 26.8316 29.8475 28.3969
1544.0 29.1583 26.8353 29.8485 28.4032
1545.0 29.167 26.8387 29.8496 28.41
1546.0 29.1756 26.8421 29.8503 28.4164
1547.0 29.1844 26.8457 29.8512 28.4229
1548.0 29.193 26.8492 29.8523 28.4295
1549.0 29.2015 26.8527 29.8531 28.436
1550.0 29.2103 26.8562 29.8538 28.4427
1551.0 29.2189 26.8598 29.8547 28.449
1552.0 29.2275 26.8635 29.8556 28.4555
1553.0 29.2361 26.8669 29.8567 28.462
1554.0 29.2445 26.8704 29.8574 28.4685
1555.0 29.2531 26.8739 29.8584 28.4747
1556.0 29.2616 26.8774 29.8594 28.4812
1557.0 29.2704 26.8808 29.8603 28.4877
1558.0 29.279 26.8844 29.8613 28.494
1559.0 29.2875 26.8879 29.8621 28.5005
1560.0 29.2961 26.8913 29.863 28.5069
1561.0 29.3044 26.8947 29.8639 28.5131
1562.0 29.3129 26.8983 29.8647 28.5194
1563.0 29.3214 26.9018 29.8656 28.5258
1564.0 29.33 26.9053 29.8665 28.5322
1565.0 29.3381 26.9088 29.8673 28.5386
1566.0 29.3463 26.9121 29.8681 28.545
1567.0 29.3543 26.9154 29.869 28.5511
1568.0 29.3624 26.9189 29.8698 28.5573
1569.0 29.3703 26.9223 29.8705 28.5636
1570.0 29.3782 26.9258 29.8713 28.5697
1571.0 29.3862 26.9291 29.8722 28.5758
1572.0 29.3942 26.9327 29.8731 28.5821
1573.0 29.4022 26.9362 29.8738 28.5883
1574.0 29.41 26.9395 29.8746 28.5943
1575.0 29.4177 26.943 29.8755 28.6004
1576.0 29.4255 26.9461 29.8763 28.6064
1577.0 29.4334 26.9495 29.8771 28.6125
1578.0 29.4413 26.9529 29.8778 28.6185
1579.0 29.449 26.9563 29.8787 28.6247
1580.0 29.4566 26.9596 29.8795 28.6308
1581.0 29.4644 26.9629 29.88 28.6368
1582.0 29.472 26.9661 29.881 28.6427
1583.0 29.4797 26.9694 29.8817 28.6485
1584.0 29.4871 26.9727 29.8824 28.6546
1585.0 29.4948 26.9761 29.8833 28.6604
1586.0 29.5024 26.9794 29.884 28.6661
1587.0 29.5099 26.9827 29.8847 28.6722
1588.0 29.5175 26.9861 29.8855 28.678
1589.0 29.5248 26.9893 29.8862 28.684
1590.0 29.5321 26.9925 29.8869 28.6897
1591.0 29.5395 26.9959 29.8877 28.6954
1592.0 29.547 26.9993 29.8884 28.7011
1593.0 29.5542 27.0025 29.889 28.707
1594.0 29.5614 27.0058 29.8898 28.7127
1595.0 29.5688 27.0092 29.8904 28.7185
1596.0 29.5758 27.0124 29.8909 28.7242
1597.0 29.583 27.0157 29.8918 28.7299
1598.0 29.59 27.019 29.8927 28.7355
1599.0 29.597 27.0222 29.8934 28.7412
1600.0 29.6038 27.0255 29.8942 28.7468
1601.0 29.6109 27.0286 29.895 28.7524
1602.0 29.6177 27.0318 29.8956 28.7581
1603.0 29.6246 27.035 29.8963 28.7641
1604.0 29.6314 27.0383 29.897 28.7697
1605.0 29.6384 27.0414 29.8976 28.7753
1606.0 29.645 27.0445 29.8984 28.781
1607.0 29.6518 27.0476 29.899 28.7867
1608.0 29.6585 27.0508 29.8995 28.7923
1609.0 29.6652 27.0538 29.9002 28.7977
1610.0 29.6719 27.057 29.9007 28.8032
1611.0 29.6783 27.06 29.9013 28.8086
1612.0 29.6849 27.0633 29.9019 28.814
1613.0 29.6914 27.0665 29.9027 28.8194
1614.0 29.6981 27.0694 29.9033 28.8248
1615.0 29.7044 27.0725 29.904 28.83
1616.0 29.7106 27.0757 29.9047 28.8354
1617.0 29.7167 27.0789 29.9053 28.8409
1618.0 29.723 27.082 29.9059 28.8463
1619.0 29.7288 27.0851 29.9065 28.8519
1620.0 29.7349 27.0882 29.9072 28.8571
1621.0 29.7409 27.0913 29.9077 28.8626
1622.0 29.7466 27.0944 29.9082 28.8679
1623.0 29.7523 27.0975 29.9088 28.8733
1624.0 29.758 27.1004 29.9094 28.8788
1625.0 29.7637 27.1035 29.91 28.8842
1626.0 29.7692 27.1065 29.9105 28.8894
1627.0 29.7743 27.1096 29.911 28.8948
1628.0 29.7798 27.1124 29.9114 28.9002
1629.0 29.7851 27.1155 29.912 28.9056
1630.0 29.7903 27.1187 29.9125 28.9108
1631.0 29.7955 27.1216 29.913 28.9161
1632.0 29.8006 27.1247 29.9136 28.9212
1633.0 29.8057 27.1276 29.9141 28.9263
1634.0 29.8107 27.1305 29.9146 28.9313
1635.0 29.8154 27.1336 29.9151 28.9365
1636.0 29.8203 27.1367 29.9156 28.942
1637.0 29.8251 27.1396 29.9161 28.9472
1638.0 29.8297 27.1425 29.9167 28.9524
1639.0 29.8343 27.1455 29.9172 28.9576
1640.0 29.8388 27.1486 29.9179 28.9627
1641.0 29.8432 27.1515 29.9184 28.9677
1642.0 29.8476 27.1545 29.919 28.9729
1643.0 29.852 27.1574 29.9195 28.9779
1644.0 29.8562 27.1604 29.9199 28.9829
1645.0 29.8606 27.1634 29.9204 28.988
1646.0 29.8648 27.1663 29.9209 28.993
1647.0 29.8689 27.1693 29.9215 28.998
1648.0 29.8729 27.1721 29.9219 29.003
1649.0 29.877 27.1751 29.9223 29.008
1650.0 29.8809 27.178 29.9229 29.013
1651.0 29.8847 27.181 29.9234 29.018
1652.0 29.8885 27.1838 29.9238 29.0228
1653.0 29.8923 27.1866 29.9242 29.0279
1654.0 29.8958 27.1895 29.9246 29.0329
1655.0 29.8992 27.1924 29.9251 29.0378
1656.0 29.9027 27.1953 29.9257 29.0429
1657.0 29.9062 27.1979 29.9261 29.0477
1658.0 29.9096 27.2009 29.9265 29.0526
1659.0 29.9129 27.2039 29.9271 29.0574
1660.0 29.9162 27.2068 29.9277 29.0624
1661.0 29.9193 27.2098 29.9281 29.0673
1662.0 29.9223 27.2126 29.9285 29.0724
1663.0 29.9254 27.2155 29.929 29.0772
1664.0 29.9284 27.2184 29.9295 29.0819
1665.0 29.9313 27.2213 29.93 29.0867
1666.0 29.9342 27.2242 29.9306 29.0915
1667.0 29.9369 27.2271 29.931 29.0964
1668.0 29.9396 27.23 29.9314 29.1013
1669.0 29.9422 27.2328 29.9318 29.106
1670.0 29.9446 27.2356 29.9323 29.1107
1671.0 29.947 27.2383 29.9326 29.1155
1672.0 29.9494 27.2413 29.9331 29.1202
1673.0 29.9517 27.2442 29.9335 29.1249
1674.0 29.9539 27.2469 29.934 29.1296
1675.0 29.956 27.2498 29.9345 29.1342
1676.0 29.958 27.2524 29.9349 29.139
1677.0 29.9601 27.2551 29.9352 29.1438
1678.0 29.9619 27.2579 29.9356 29.1485
1679.0 29.9638 27.2606 29.9361 29.1531
1680.0 29.9655 27.2633 29.9365 29.1577
1681.0 29.9672 27.2662 29.937 29.1624
1682.0 29.9689 27.2689 29.9373 29.167
1683.0 29.9705 27.2716 29.9376 29.1718
1684.0 29.9721 27.2745 29.938 29.1765
1685.0 29.9738 27.2773 29.9383 29.1811
1686.0 29.9752 27.28 29.9387 29.1856
1687.0 29.9767 27.2829 29.9391 29.1901
1688.0 29.978 27.2855 29.9397 29.1945
1689.0 29.9794 27.2882 29.9399 29.1991
1690.0 29.9807 27.2911 29.9403 29.2035
1691.0 29.9819 27.2938 29.9406 29.208
1692.0 29.9831 27.2966 29.9412 29.2126
1693.0 29.9842 27.2993 29.9416 29.2172
1694.0 29.9853 27.3019 29.9419 29.2218
1695.0 29.9863 27.3046 29.9423 29.2263
1696.0 29.9873 27.3074 29.9427 29.2309
1697.0 29.9882 27.31 29.943 29.2355
1698.0 29.9891 27.3128 29.9434 29.24
1699.0 29.99 27.3155 29.9437 29.2446
1700.0 29.9906 27.318 29.9441 29.2491
1701.0 29.9913 27.3208 29.9443 29.2536
1702.0 29.992 27.3235 29.9447 29.2582
1703.0 29.9925 27.3263 29.945 29.2626
1704.0 29.9931 27.3288 29.9454 29.2671
1705.0 29.9937 27.3316 29.9458 29.2715
1706.0 29.9943 27.3342 29.9461 29.276
1707.0 29.9947 27.3368 29.9464 29.2805
1708.0 29.9952 27.3394 29.9466 29.2849
1709.0 29.9957 27.3421 29.9471 29.2893
1710.0 29.9961 27.3449 29.9473 29.2937
1711.0 29.9964 27.3475 29.9477 29.2982
1712.0 29.9967 27.3501 29.9479 29.3025
1713.0 29.997 27.3528 29.9483 29.3069
1714.0 29.9972 27.3554 29.9485 29.3113
1715.0 29.9975 27.358 29.9487 29.3156
1716.0 29.9977 27.3604 29.949 29.32
1717.0 29.998 27.3631 29.9495 29.3245
1718.0 29.9982 27.3658 29.9497 29.329
1719.0 29.9984 27.3684 29.9501 29.3332
1720.0 29.9985 27.371 29.9505 29.3375
1721.0 29.9987 27.3735 29.9507 29.3419
1722.0 29.9988 27.3761 29.951 29.3461
1723.0 29.9989 27.3788 29.9514 29.3503
1724.0 29.999 27.3813 29.9515 29.3545
1725.0 29.9992 27.3839 29.9517 29.3588
1726.0 29.9992 27.3865 29.952 29.363
1727.0 29.9993 27.3889 29.9522 29.3672
1728.0 29.9994 27.3914 29.9524 29.3713
1729.0 29.9994 27.3941 29.9527 29.3755
1730.0 29.9994 27.3967 29.9529 29.3796
1731.0 29.9994 27.3995 29.9532 29.3838
1732.0 29.9995 27.4019 29.9535 29.3879
1733.0 29.9996 27.4045 29.9539 29.3919
1734.0 29.9995 27.4071 29.9541 29.3961
1735.0 29.9996 27.4096 29.9542 29.4
1736.0 29.9996 27.4121 29.9547 29.4042
1737.0 29.9996 27.4145 29.9549 29.4082
1738.0 29.9997 27.4171 29.9552 29.4121
1739.0 29.9997 27.4195 29.9555 29.4162
1740.0 29.9997 27.4221 29.9559 29.4202
1741.0 29.9997 27.4245 29.9562 29.424
1742.0 29.9997 27.4268 29.9565 29.4282
1743.0 29.9998 27.4292 29.9567 29.4321
1744.0 29.9997 27.4317 29.9571 29.4362
1745.0 29.9997 27.4343 29.9572 29.4402
1746.0 29.9998 27.4368 29.9573 29.4441
1747.0 29.9998 27.4395 29.9577 29.448
1748.0 29.9998 27.442 29.9579 29.452
1749.0 29.9998 27.4444 29.9583 29.4557
1750.0 29.9998 27.4469 29.9586 29.4597
1751.0 29.9998 27.4492 29.9587 29.4636
1752.0 29.9998 27.4516 29.9589 29.4675
1753.0 29.9997 27.4542 29.959 29.4714
1754.0 29.9998 27.4567 29.9593 29.4751
1755.0 29.9998 27.4591 29.9594 29.4792
1756.0 29.9998 27.4617 29.9596 29.4831
1757.0 29.9998 27.464 29.9599 29.487
1758.0 29.9998 27.4665 29.9601 29.4909
1759.0 29.9998 27.469 29.9604 29.4949
1760.0 29.9998 27.4715 29.9606 29.4987
1761.0 29.9998 27.4739 29.9607 29.5026
1762.0 29.9998 27.4763 29.961 29.5064
1763.0 29.9998 27.4785 29.9613 29.5102
1764.0 29.9998 27.4809 29.9617 29.514
1765.0 29.9998 27.4834 29.9618 29.5178
1766.0 29.9998 27.4857 29.9619 29.5218
1767.0 29.9998 27.488 29.9621 29.5256
1768.0 29.9998 27.4904 29.9623 29.5294
1769.0 29.9998 27.4928 29.9627 29.5332
1770.0 29.9998 27.4949 29.9629 29.5368
1771.0 29.9998 27.4972 29.9631 29.5405
1772.0 29.9998 27.4995 29.9633 29.5442
1773.0 29.9998 27.5019 29.9636 29.5478
1774.0 29.9998 27.5043 29.9637 29.5516
1775.0 29.9998 27.5067 29.9639 29.5552
1776.0 29.9998 27.5088 29.9641 29.559
1777.0 29.9998 27.511 29.9642 29.5626
1778.0 29.9998 27.5135 29.9642 29.5661
1779.0 29.9998 27.5158 29.9645 29.5698
1780.0 29.9998 27.5182 29.9648 29.5733
1781.0 29.9998 27.5205 29.9651 29.577
1782.0 29.9998 27.5228 29.9654 29.5806
1783.0 29.9998 27.5252 29.9656 29.584
1784.0 29.9998 27.5274 29.9657 29.5876
1785.0 29.9997 27.5298 29.9659 29.5908
1786.0 29.9998 27.5322 29.966 29.5943
1787.0 29.9998 27.5345 29.966 29.5977
1788.0 29.9998 27.5369 29.9662 29.6012
1789.0 29.9998 27.5391 29.9665 29.6045
1790.0 29.9998 27.5413 29.9666 29.6079
1791.0 29.9997 27.5435 29.9669 29.6114
1792.0 29.9998 27.5459 29.9671 29.6148
1793.0 29.9998 27.5481 29.9673 29.6183
1794.0 29.9998 27.5501 29.9675 29.6217
1795.0 29.9998 27.5524 29.9676 29.625
1796.0 29.9998 27.5548 29.9677 29.6282
1797.0 29.9998 27.557 29.9679 29.6315
1798.0 29.9998 27.5592 29.9681 29.6348
1799.0 29.9998 27.5615 29.9683 29.6381
1800.0 29.9998 27.5635 29.9684 29.6414
1801.0 29.9998 27.5658 29.9686 29.6446
1802.0 29.9998 27.568 29.9688 29.6479
1803.0 29.9998 27.5702 29.969 29.6512
1804.0 29.9998 27.5724 29.9692 29.6544
1805.0 29.9998 27.5745 29.9693 29.6576
1806.0 29.9998 27.5766 29.9694 29.6609
1807.0 29.9998 27.5788 29.9695 29.6641
1808.0 29.9998 27.5811 29.9696 29.6674
1809.0 29.9998 27.5834 29.9698 29.6707
1810.0 29.9998 27.5854 29.9699 29.6737
1811.0 29.9997 27.5875 29.9701 29.6768
1812.0 29.9998 27.5896 29.9703 29.6799
1813.0 29.9998 27.5916 29.9705 29.6831
1814.0 29.9998 27.5938 29.9707 29.6862
1815.0 29.9998 27.5961 29.9707 29.6894
1816.0 29.9998 27.5982 29.9709 29.6925
1817.0 29.9998 27.6004 29.9711 29.6957
1818.0 29.9998 27.6025 29.9711 29.6988
1819.0 29.9998 27.6046 29.9713 29.7019
1820.0 29.9998 27.6067 29.9715 29.7049
1821.0 29.9998 27.6088 29.9717 29.7079
1822.0 29.9998 27.6109 29.9718 29.7109
1823.0 29.9998 27.6132 29.9719 29.714
1824.0 29.9998 27.6153 29.972 29.717
1825.0 29.9998 27.6174 29.9722 29.7199
1826.0 29.9998 27.6195 29.9725 29.7228
1827.0 29.9997 27.6215 29.9724 29.7257
1828.0 29.9998 27.6236 29.9727 29.7288
1829.0 29.9998 27.6256 29.9727 29.7317
1830.0 29.9998 27.6277 29.9728 29.7346
1831.0 29.9998 27.6298 29.9729 29.7375
1832.0 29.9998 27.6319 29.973 29.7403
1833.0 29.9998 27.6342 29.9732 29.7431
1834.0 29.9998 27.6362 29.9735 29.7459
1835.0 29.9998 27.6383 29.9735 29.7487
1836.0 29.9998 27.6403 29.9737 29.7514
1837.0 29.9998 27.6423 29.9738 29.7541
1838.0 29.9998 27.6446 29.9739 29.7568
1839.0 29.9998 27.6467 29.974 29.7594
1840.0 29.9998 27.6487 29.9741 29.7621
1841.0 29.9998 27.6507 29.9743 29.7649
1842.0 29.9998 27.653 29.9744 29.7674
1843.0 29.9998 27.6551 29.9745 29.77
1844.0 29.9998 27.6571 29.9747 29.7725
1845.0 29.9997 27.6592 29.9749 29.7753
1846.0 29.9998 27.6613 29.975 29.778
1847.0 29.9997 27.6633 29.9751 29.7806
1848.0 29.9998 27.6654 29.9752 29.7833
1849.0 29.9998 27.6673 29.9752 29.7859
1850.0 29.9998 27.6694 29.9753 29.7887
1851.0 29.9998 27.6715 29.9755 29.7913
1852.0 29.9998 27.6734 29.9756 29.7938
1853.0 29.9998 27.6755 29.9758 29.7962
1854.0 29.9998 27.6776 29.9759 29.7988
1855.0 29.9998 27.6797 29.9759 29.8014
1856.0 29.9998 27.6819 29.976 29.8039
1857.0 29.9998 27.6838 29.976 29.8064
1858.0 29.9998 27.6857 29.9762 29.8089
1859.0 29.9998 27.6878 29.9763 29.8114
1860.0 29.9998 27.6897 29.9763 29.8139
1861.0 29.9998 27.6917 29.9764 29.8164
1862.0 29.9998 27.6937 29.9766 29.8188
1863.0 29.9998 27.6958 29.9766 29.8213
1864.0 29.9998 27.6979 29.9767 29.8238
1865.0 29.9998 27.6999 29.9768 29.8263
1866.0 29.9998 27.7019 29.9768 29.8287
1867.0 29.9998 27.7041 29.9771 29.8311
1868.0 29.9998 27.7059 29.9772 29.8333
1869.0 29.9997 27.7079 29.9772 29.8358
1870.0 29.9998 27.7099 29.9773 29.8382
1871.0 29.9998 27.7117 29.9774 29.8406
1872.0 29.9998 27.7136 29.9777 29.843
1873.0 29.9998 27.7156 29.9778 29.8454
1874.0 29.9998 27.7177 29.9777 29.8477
1875.0 29.9998 27.7197 29.9779 29.85
1876.0 29.9997 27.7216 29.9779 29.8523
1877.0 29.9998 27.7234 29.978 29.8545
1878.0 29.9997 27.7256 29.9781 29.8568
1879.0 29.9998 27.7276 29.978 29.8591
1880.0 29.9998 27.7295 29.978 29.8613
1881.0 29.9998 27.7315 29.9782 29.8635
1882.0 29.9997 27.7334 29.9783 29.8658
1883.0 29.9998 27.7353 29.9784 29.8679
1884.0 29.9998 27.7373 29.9786 29.8702
1885.0 29.9998 27.7393 29.9787 29.8724
1886.0 29.9998 27.7413 29.9788 29.8746
1887.0 29.9998 27.7432 29.9789 29.8768
1888.0 29.9998 27.7449 29.979 29.879
1889.0 29.9998 27.7468 29.979 29.8811
1890.0 29.9998 27.7486 29.979 29.8832
1891.0 29.9998 27.7506 29.9791 29.8852
1892.0 29.9998 27.7526 29.9791 29.8872
1893.0 29.9998 27.7544 29.9793 29.8892
1894.0 29.9998 27.7563 29.9793 29.8913
1895.0 29.9998 27.7581 29.9794 29.8934
1896.0 29.9998 27.7601 29.9795 29.8955
1897.0 29.9998 27.7621 29.9797 29.8975
1898.0 29.9998 27.7639 29.9797 29.8996
1899.0 29.9998 27.7657 29.9798 29.9016
1900.0 29.9998 27.7676 29.9798 29.9037
1901.0 29.9998 27.7697 29.9799 29.9058
1902.0 29.9997 27.7715 29.98 29.9076
1903.0 29.9998 27.7734 29.9801 29.9095
1904.0 29.9998 27.7751 29.9801 29.9114
1905.0 29.9998 27.777 29.9802 29.9133
1906.0 29.9998 27.7789 29.9803 29.9152
1907.0 29.9997 27.7807 29.9805 29.9171
1908.0 29.9998 27.7824 29.9805 29.9189
1909.0 29.9998 27.7842 29.9806 29.9208
1910.0 29.9998 27.786 29.9806 29.9225
1911.0 29.9998 27.7878 29.9807 29.9242
1912.0 29.9998 27.7896 29.9809 29.9261
1913.0 29.9998 27.7914 29.981 29.9278
1914.0 29.9998 27.7933 29.981 29.9295
1915.0 29.9998 27.7952 29.981 29.9311
1916.0 29.9998 27.7969 29.9811 29.9328
1917.0 29.9998 27.7989 29.9811 29.9345
1918.0 29.9998 27.8007 29.9813 29.9362
1919.0 29.9998 27.8027 29.9813 29.9378
1920.0 29.9998 27.8045 29.9813 29.9394
1921.0 29.9998 27.8063 29.9814 29.941
1922.0 29.9998 27.8081 29.9815 29.9426
1923.0 29.9997 27.81 29.9816 29.9442
1924.0 29.9998 27.8119 29.9816 29.9457
1925.0 29.9998 27.8137 29.9816 29.9472
1926.0 29.9998 27.8156 29.9816 29.9486
1927.0 29.9998 27.8175 29.9817 29.9501
1928.0 29.9998 27.8194 29.9817 29.9515
1929.0 29.9998 27.8212 29.9818 29.9529
1930.0 29.9998 27.8229 29.9818 29.9542
1931.0 29.9998 27.8247 29.982 29.9556
1932.0 29.9998 27.8266 29.982 29.9569
1933.0 29.9998 27.8284 29.9821 29.9581
1934.0 29.9998 27.8301 29.9821 29.9594
1935.0 29.9998 27.8319 29.9822 29.9607
1936.0 29.9998 27.8337 29.9821 29.9619
1937.0 29.9998 27.8354 29.9822 29.9632
1938.0 29.9998 27.837 29.9823 29.9643
1939.0 29.9998 27.8386 29.9824 29.9655
1940.0 29.9998 27.8403 29.9825 29.9666
1941.0 29.9998 27.8418 29.9827 29.9677
1942.0 29.9998 27.8436 29.9828 29.9688
1943.0 29.9998 27.8454 29.9829 29.9699
1944.0 29.9998 27.8472 29.9829 29.971
1945.0 29.9998 27.849 29.983 29.972
1946.0 29.9998 27.8508 29.9831 29.9729
1947.0 29.9998 27.8526 29.9831 29.9739
1948.0 29.9998 27.8544 29.9831 29.9748
1949.0 29.9998 27.8562 29.9832 29.9758
1950.0 29.9998 27.8579 29.9833 29.9766
1951.0 29.9998 27.8597 29.9832 29.9774
1952.0 29.9998 27.8615 29.9832 29.9782
1953.0 29.9998 27.8632 29.9835 29.9791
1954.0 29.9998 27.8649 29.9835 29.9798
1955.0 29.9998 27.8667 29.9835 29.9806
1956.0 29.9998 27.8684 29.9836 29.9814
1957.0 29.9998 27.8701 29.9837 29.982
1958.0 29.9998 27.8719 29.9837 29.9828
1959.0 29.9998 27.8736 29.9839 29.9835
1960.0 29.9998 27.8753 29.984 29.9842
1961.0 29.9998 27.877 29.9839 29.9848
1962.0 29.9998 27.8786 29.9841 29.9854
1963.0 29.9998 27.8803 29.9841 29.986
1964.0 29.9997 27.882 29.9841 29.9866
1965.0 29.9998 27.8836 29.9844 29.9872
1966.0 29.9998 27.8851 29.9844 29.9878
1967.0 29.9998 27.8868 29.9843 29.9882
1968.0 29.9998 27.8885 29.9842 29.9887
1969.0 29.9998 27.89 29.9844 29.9892
1970.0 29.9998 27.8917 29.9844 29.9897
1971.0 29.9998 27.8934 29.9844 29.9902
1972.0 29.9997 27.8951 29.9845 29.9906
1973.0 29.9998 27.8968 29.9845 29.991
1974.0 29.9998 27.8984 29.9845 29.9915
1975.0 29.9998 27.9003 29.9845 29.9918
1976.0 29.9997 27.9019 29.9846 29.9921
1977.0 29.9997 27.9034 29.9846 29.9925
1978.0 29.9998 27.905 29.9846 29.9928
1979.0 29.9998 27.9069 29.9847 29.9931
1980.0 29.9998 27.9085 29.9847 29.9934
1981.0 29.9998 27.9102 29.9848 29.9936
1982.0 29.9998 27.9118 29.985 29.9939
1983.0 29.9998 27.9134 29.985 29.9942
1984.0 29.9998 27.915 29.9851 29.9945
1985.0 29.9998 27.9167 29.9852 29.9947
1986.0 29.9998 27.9183 29.9851 29.995
1987.0 29.9998 27.9199 29.9851 29.9952
1988.0 29.9998 27.9216 29.9853 29.9954
1989.0 29.9998 27.9235 29.9852 29.9956
1990.0 29.9998 27.9251 29.9854 29.9957
1991.0 29.9997 27.9267 29.9853 29.9959
1992.0 29.9998 27.9282 29.9854 29.9961
1993.0 29.9998 27.9299 29.9856 29.9962
1994.0 29.9998 27.9314 29.9857 29.9964
1995.0 29.9997 27.933 29.9856 29.9965
1996.0 29.9998 27.9346 29.9857 29.9967
1997.0 29.9998 27.9362 29.9857 29.9969
1998.0 29.9998 27.9378 29.9857 29.997
1999.0 29.9998 27.9395 29.9858 29.9972
2000.0 29.9998 27.9409 29.9858 29.9973
2001.0 29.9998 27.9425 29.9859 29.9975
2002.0 29.9998 27.9441 29.9859 29.9976
2003.0 29.9998 27.9457 29.9859 29.9977
2004.0 29.9998 27.9472 29.9859 29.9979
2005.0 29.9998 27.9488 29.986 29.998
2006.0 29.9998 27.9506 29.9861 29.9982
2007.0 29.9998 27.9522 29.9861 29.9983
2008.0 29.9998 27.9537 29.9861 29.9984
2009.0 29.9998 27.9551 29.9862 29.9985
2010.0 29.9998 27.9566 29.9861 29.9987
2011.0 29.9998 27.9582 29.9862 29.9987
2012.0 29.9998 27.9599 29.9862 29.9988
2013.0 29.9998 27.9614 29.9862 29.9989
2014.0 29.9998 27.9629 29.9862 29.999
2015.0 29.9998 27.9645 29.9863 29.9991
2016.0 29.9998 27.9661 29.9862 29.9992
2017.0 29.9998 27.9677 29.9862 29.9992
2018.0 29.9998 27.9693 29.9863 29.9992
2019.0 29.9998 27.971 29.9863 29.9993
2020.0 29.9998 27.9725 29.9863 29.9994
2021.0 29.9998 27.9739 29.9863 29.9994
2022.0 29.9998 27.9752 29.9864 29.9995
2023.0 29.9998 27.9766 29.9864 29.9995
2024.0 29.9998 27.9782 29.9865 29.9995
2025.0 29.9998 27.9796 29.9864 29.9995
2026.0 29.9998 27.9812 29.9865 29.9996
2027.0 29.9998 27.9829 29.9866 29.9996
2028.0 29.9998 27.9843 29.9865 29.9996
2029.0 29.9998 27.9859 29.9868 29.9997
2030.0 29.9998 27.9873 29.9868 29.9996
2031.0 29.9998 27.9888 29.9868 29.9996
2032.0 29.9998 27.9902 29.9868 29.9997
2033.0 29.9998 27.9918 29.9869 29.9997
2034.0 29.9998 27.9934 29.9869 29.9997
2035.0 29.9998 27.9949 29.987 29.9998
2036.0 29.9998 27.9963 29.987 29.9997
2037.0 29.9998 27.9977 29.9871 29.9998
2038.0 29.9998 27.9991 29.9871 29.9997
2039.0 29.9998 28.0006 29.9871 29.9997
2040.0 29.9998 28.002 29.9871 29.9997
2041.0 29.9998 28.0035 29.9872 29.9998
2042.0 29.9998 28.0051 29.9872 29.9998
2043.0 29.9998 28.0064 29.9873 29.9998
2044.0 29.9998 28.0079 29.9873 29.9998
2045.0 29.9998 28.0095 29.9872 29.9998
2046.0 29.9998 28.011 29.9872 29.9997
2047.0 29.9998 28.0126 29.9872 29.9997
2048.0 29.9998 28.0142 29.9872 29.9998
2049.0 29.9998 28.0156 29.9873 29.9998
2050.0 29.9998 28.017 29.9873 29.9997
2051.0 29.9998 28.0184 29.9874 29.9997
2052.0 29.9998 28.0198 29.9874 29.9997
2053.0 29.9998 28.0214 29.9874 29.9997
2054.0 29.9998 28.0226 29.9875 29.9997
2055.0 29.9998 28.0241 29.9877 29.9998
2056.0 29.9998 28.0255 29.9878 29.9998
2057.0 29.9998 28.0269 29.9876 29.9997
2058.0 29.9998 28.0282 29.9878 29.9998
2059.0 29.9998 28.0296 29.9878 29.9998
2060.0 29.9998 28.031 29.9878 29.9998
2061.0 29.9998 28.0325 29.9879 29.9997
2062.0 29.9998 28.0339 29.9878 29.9998
2063.0 29.9998 28.0354 29.9879 29.9997
2064.0 29.9998 28.0368 29.9878 29.9998
2065.0 29.9998 28.0382 29.9878 29.9998
2066.0 29.9998 28.0397 29.9878 29.9997
2067.0 29.9998 28.0409 29.9878 29.9997
2068.0 29.9998 28.0423 29.9878 29.9997
2069.0 29.9998 28.0438 29.9877 29.9998
2070.0 29.9998 28.0452 29.9877 29.9998
2071.0 29.9998 28.0465 29.9878 29.9997
2072.0 29.9998 28.0479 29.9877 29.9997
2073.0 29.9998 28.0495 29.9877 29.9998
2074.0 29.9998 28.0509 29.9878 29.9997
2075.0 29.9998 28.0523 29.9879 29.9997
2076.0 29.9998 28.0538 29.988 29.9997
2077.0 29.9998 28.0551 29.9879 29.9998
2078.0 29.9998 28.0564 29.9879 29.9997
2079.0 29.9998 28.0578 29.9879 29.9997
2080.0 29.9998 28.0592 29.988 29.9997
2081.0 29.9998 28.0606 29.988 29.9997
2082.0 29.9998 28.062 29.988 29.9997
2083.0 29.9998 28.0633 29.9879 29.9997
2084.0 29.9998 28.0647 29.9879 29.9997
2085.0 29.9998 28.0659 29.9879 29.9997
2086.0 29.9997 28.0674 29.9879 29.9997
2087.0 29.9997 28.0687 29.988 29.9998
2088.0 29.9998 28.07 29.9882 29.9997
2089.0 29.9998 28.0713 29.9883 29.9997
2090.0 29.9998 28.0727 29.9883 29.9998
2091.0 29.9998 28.074 29.9883 29.9997
2092.0 29.9998 28.0755 29.9883 29.9998
2093.0 29.9998 28.0768 29.9883 29.9998
2094.0 29.9998 28.0782 29.9882 29.9998
2095.0 29.9998 28.0794 29.9882 29.9998
2096.0 29.9998 28.0808 29.9882 29.9998
2097.0 29.9998 28.082 29.9883 29.9997
2098.0 29.9998 28.0834 29.9884 29.9998
2099.0 29.9998 28.0848 29.9884 29.9997
2100.0 29.9998 28.0862 29.9882 29.9997
2101.0 29.9998 28.0874 29.9883 29.9997
2102.0 29.9998 28.0888 29.9884 29.9997
2103.0 29.9998 28.09 29.9885 29.9998
2104.0 29.9998 28.0914 29.9885 29.9998
2105.0 29.9998 28.0928 29.9884 29.9997
2106.0 29.9998 28.094 29.9886 29.9997
2107.0 29.9998 28.0954 29.9887 29.9998
2108.0 29.9998 28.0969 29.9887 29.9997
2109.0 29.9998 28.0982 29.9887 29.9998
2110.0 29.9998 28.0995 29.9888 29.9998
2111.0 29.9998 28.1009 29.9889 29.9997
2112.0 29.9998 28.1023 29.9887 29.9997
2113.0 29.9997 28.1037 29.9887 29.9997
2114.0 29.9998 28.1051 29.9887 29.9998
2115.0 29.9998 28.1064 29.9887 29.9997
2116.0 29.9998 28.1077 29.9887 29.9997
2117.0 29.9998 28.1087 29.9884 29.9997
2118.0 29.9998 28.1099 29.9885 29.9997
2119.0 29.9998 28.1112 29.9885 29.9997
2120.0 29.9998 28.1123 29.9885 29.9998
2121.0 29.9997 28.1135 29.9885 29.9998
2122.0 29.9998 28.1148 29.9885 29.9998
2123.0 29.9998 28.1161 29.9887 29.9997
2124.0 29.9998 28.1173 29.9887 29.9997
2125.0 29.9997 28.1186 29.9887 29.9997
2126.0 29.9998 28.1198 29.9888 29.9998
2127.0 29.9998 28.121 29.9888 29.9997
2128.0 29.9998 28.1222 29.9888 29.9997
2129.0 29.9998 28.1234 29.9889 29.9997
2130.0 29.9998 28.1247 29.9889 29.9997
2131.0 29.9998 28.1259 29.9889 29.9998
2132.0 29.9998 28.1273 29.989 29.9998
2133.0 29.9998 28.1283 29.9888 29.9998
2134.0 29.9998 28.1296 29.9889 29.9998
2135.0 29.9998 28.1308 29.989 29.9997
2136.0 29.9998 28.1319 29.9891 29.9998
2137.0 29.9998 28.1332 29.9892 29.9997
2138.0 29.9998 28.1343 29.9893 29.9997
2139.0 29.9998 28.1356 29.9891 29.9997
2140.0 29.9998 28.1369 29.9891 29.9997
2141.0 29.9998 28.1381 29.989 29.9997
2142.0 29.9998 28.1393 29.989 29.9997
2143.0 29.9998 28.1407 29.9891 29.9997
2144.0 29.9998 28.1417 29.9891 29.9997
2145.0 29.9998 28.1429 29.9891 29.9997
2146.0 29.9998 28.1441 29.989 29.9998
2147.0 29.9998 28.1453 29.989 29.9997
2148.0 29.9998 28.1466 29.989 29.9997
2149.0 29.9998 28.1478 29.989 29.9998
2150.0 29.9998 28.1489 29.9891 29.9998
2151.0 29.9998 28.1501 29.9893 29.9997
2152.0 29.9998 28.1515 29.9892 29.9997
2153.0 29.9998 28.1526 29.989 29.9998
2154.0 29.9998 28.1539 29.9889 29.9998
2155.0 29.9998 28.1551 29.989 29.9998
2156.0 29.9998 28.1565 29.9891 29.9997
2157.0 29.9997 28.1577 29.989 29.9997
2158.0 29.9997 28.1589 29.9891 29.9998
2159.0 29.9998 28.1602 29.9892 29.9998
2160.0 29.9998 28.1613 29.9892 29.9997
2161.0 29.9998 28.1626 29.9892 29.9997
2162.0 29.9998 28.1638 29.9893 29.9997
2163.0 29.9998 28.1651 29.9893 29.9997
2164.0 29.9998 28.1664 29.9893 29.9998
2165.0 29.9998 28.1675 29.9892 29.9997
2166.0 29.9998 28.1686 29.9892 29.9997
2167.0 29.9998 28.1699 29.9893 29.9997
2168.0 29.9998 28.1711 29.9893 29.9997
2169.0 29.9998 28.1724 29.9894 29.9997
2170.0 29.9998 28.1733 29.9895 29.9998
2171.0 29.9998 28.1744 29.9894 29.9997
2172.0 29.9998 28.1757 29.9893 29.9998
2173.0 29.9998 28.1769 29.9893 29.9998
2174.0 29.9998 28.1781 29.9893 29.9998
2175.0 29.9997 28.1791 29.9893 29.9997
2176.0 29.9998 28.1803 29.9894 29.9997
2177.0 29.9998 28.1814 29.9893 29.9998
2178.0 29.9998 28.1825 29.9893 29.9997
2179.0 29.9998 28.1837 29.9895 29.9997
2180.0 29.9998 28.1847 29.9896 29.9997
2181.0 29.9998 28.1858 29.9896 29.9997
2182.0 29.9998 28.1868 29.9895 29.9998
2183.0 29.9998 28.1882 29.9895 29.9997
2184.0 29.9998 28.1893 29.9895 29.9997
2185.0 29.9998 28.1904 29.9896 29.9997
2186.0 29.9998 28.1915 29.9898 29.9998
2187.0 29.9998 28.1927 29.9896 29.9997
2188.0 29.9998 28.1938 29.9897 29.9997
2189.0 29.9998 28.1951 29.9896 29.9997
2190.0 29.9998 28.1962 29.9897 29.9998
2191.0 29.9998 28.1975 29.9897 29.9998
2192.0 29.9998 28.1986 29.9896 29.9997
2193.0 29.9998 28.1997 29.9896 29.9997
2194.0 29.9998 28.2008 29.9894 29.9997
2195.0 29.9998 28.202 29.9895 29.9997
2196.0 29.9998 28.2033 29.9896 29.9997
2197.0 29.9998 28.2045 29.9896 29.9997
2198.0 29.9998 28.2056 29.9896 29.9998
2199.0 29.9998 28.2067 29.9896 29.9997
2200.0 29.9998 28.2076 29.9896 29.9997
2201.0 29.9997 28.2087 29.9895 29.9997
2202.0 29.9998 28.2099 29.9897 29.9997
2203.0 29.9998 28.211 29.9897 29.9997
2204.0 29.9998 28.2121 29.9897 29.9997
2205.0 29.9998 28.2132 29.9897 29.9997
2206.0 29.9998 28.2142 29.9897 29.9998
2207.0 29.9998 28.2153 29.9897 29.9998
2208.0 29.9998 28.2163 29.9898 29.9998
2209.0 29.9998 28.2173 29.9897 29.9997
2210.0 29.9998 28.2185 29.9896 29.9997
2211.0 29.9998 28.2196 29.9895 29.9998
2212.0 29.9998 28.2205 29.9896 29.9997
2213.0 29.9998 28.2216 29.9895 29.9997
2214.0 29.9998 28.2225 29.9895 29.9997
2215.0 29.9998 28.2234 29.9895 29.9998
2216.0 29.9998 28.2246 29.9895 29.9997
2217.0 29.9998 28.2255 29.9895 29.9997
2218.0 29.9998 28.2265 29.9894 29.9997
2219.0 29.9998 28.2276 29.9895 29.9997
2220.0 29.9998 28.2288 29.9895 29.9997
2221.0 29.9998 28.2298 29.9896 29.9997
2222.0 29.9998 28.231 29.9896 29.9997
2223.0 29.9998 28.2321 29.9897 29.9998
2224.0 29.9998 28.2331 29.9898 29.9997
2225.0 29.9998 28.2343 29.9897 29.9997
2226.0 29.9998 28.2353 29.9898 29.9998
2227.0 29.9998 28.2364 29.9899 29.9998
2228.0 29.9998 28.2374 29.9899 29.9997
2229.0 29.9998 28.2383 29.9899 29.9997
2230.0 29.9998 28.2392 29.9897 29.9998
2231.0 29.9998 28.2403 29.9898 29.9997
2232.0 29.9998 28.2414 29.9898 29.9997
2233.0 29.9998 28.2424 29.9898 29.9997
2234.0 29.9998 28.2435 29.99 29.9997
2235.0 29.9998 28.2443 29.99 29.9997
2236.0 29.9998 28.2454 29.9899 29.9998
2237.0 29.9998 28.2466 29.99 29.9997
2238.0 29.9998 28.2477 29.99 29.9998
2239.0 29.9998 28.2488 29.99 29.9997
2240.0 29.9998 28.2499 29.9901 29.9997
2241.0 29.9998 28.251 29.9899 29.9997
2242.0 29.9998 28.2521 29.9899 29.9997
2243.0 29.9998 28.2531 29.9898 29.9997
2244.0 29.9998 28.2542 29.9899 29.9997
2245.0 29.9997 28.2551 29.9901 29.9998
2246.0 29.9998 28.2561 29.99 29.9997
2247.0 29.9998 28.2572 29.99 29.9998
2248.0 29.9998 28.2583 29.99 29.9997
2249.0 29.9998 28.2593 29.9899 29.9998
2250.0 29.9997 28.2603 29.9899 29.9997
2251.0 29.9998 28.2614 29.99 29.9997
2252.0 29.9998 28.2625 29.99 29.9997
2253.0 29.9997 28.2634 29.99 29.9997
2254.0 29.9997 28.2644 29.9901 29.9997
2255.0 29.9998 28.2654 29.99 29.9997
2256.0 29.9998 28.2664 29.9901 29.9997
2257.0 29.9998 28.2674 29.9899 29.9998
2258.0 29.9998 28.2683 29.9901 29.9997
2259.0 29.9998 28.2692 29.9901 29.9997
2260.0 29.9998 28.2702 29.9902 29.9997
2261.0 29.9998 28.2711 29.9902 29.9998
2262.0 29.9998 28.2721 29.9902 29.9997
2263.0 29.9998 28.2732 29.9902 29.9997
2264.0 29.9998 28.2741 29.9902 29.9997
2265.0 29.9998 28.275 29.99 29.9997
2266.0 29.9998 28.276 29.9901 29.9998
2267.0 29.9998 28.277 29.9901 29.9998
2268.0 29.9998 28.278 29.9902 29.9997
2269.0 29.9998 28.2789 29.9902 29.9997
2270.0 29.9998 28.2798 29.9903 29.9997
2271.0 29.9998 28.2808 29.9901 29.9997
2272.0 29.9998 28.2819 29.9902 29.9997
2273.0 29.9998 28.2829 29.9902 29.9998
2274.0 29.9998 28.2839 29.9904 29.9998
2275.0 29.9998 28.2849 29.9903 29.9998
2276.0 29.9998 28.2858 29.9903 29.9998
2277.0 29.9998 28.2867 29.9903 29.9998
2278.0 29.9998 28.2878 29.9902 29.9998
2279.0 29.9998 28.2887 29.9902 29.9997
2280.0 29.9998 28.2897 29.9902 29.9997
2281.0 29.9998 28.2906 29.9902 29.9998
2282.0 29.9998 28.2916 29.9902 29.9997
2283.0 29.9998 28.2926 29.9903 29.9997
2284.0 29.9998 28.2935 29.9903 29.9998
2285.0 29.9998 28.2946 29.9903 29.9998
2286.0 29.9998 28.2955 29.9903 29.9998
2287.0 29.9998 28.2963 29.9902 29.9997
2288.0 29.9998 28.2972 29.9902 29.9998
2289.0 29.9998 28.2981 29.9901 29.9997
2290.0 29.9998 28.299 29.9901 29.9997
2291.0 29.9998 28.2999 29.99 29.9998
2292.0 29.9998 28.3008 29.99 29.9997
2293.0 29.9998 28.3019 29.99 29.9997
2294.0 29.9998 28.3028 29.99 29.9997
2295.0 29.9998 28.3037 29.99 29.9997
2296.0 29.9998 28.3046 29.99 29.9997
2297.0 29.9998 28.3055 29.99 29.9997
2298.0 29.9998 28.3063 29.9902 29.9997
2299.0 29.9998 28.3073 29.9902 29.9997
2300.0 29.9998 28.308 29.9903 29.9997
2301.0 29.9998 28.3089 29.9903 29.9998
2302.0 29.9998 28.3099 29.9902 29.9998
2303.0 29.9998 28.3108 29.9902 29.9997
2304.0 29.9998 28.3118 29.9902 29.9997
2305.0 29.9998 28.3127 29.9903 29.9998
2306.0 29.9998 28.3135 29.9903 29.9997
2307.0 29.9998 28.3145 29.9904 29.9997
2308.0 29.9998 28.3153 29.9905 29.9998
2309.0 29.9998 28.3161 29.9903 29.9998
2310.0 29.9997 28.317 29.9903 29.9997
2311.0 29.9998 28.3179 29.9901 29.9997
2312.0 29.9998 28.3189 29.9901 29.9997
2313.0 29.9998 28.3198 29.9902 29.9998
2314.0 29.9998 28.3208 29.9901 29.9998
2315.0 29.9998 28.3216 29.9902 29.9998
2316.0 29.9998 28.3226 29.9901 29.9998
2317.0 29.9998 28.3233 29.9901 29.9997
2318.0 29.9997 28.3243 29.9901 29.9997
2319.0 29.9998 28.3252 29.9901 29.9998
2320.0 29.9998 28.3259 29.9902 29.9998
2321.0 29.9998 28.3269 29.9901 29.9998
2322.0 29.9998 28.3279 29.9902 29.9997
2323.0 29.9998 28.3288 29.9902 29.9997
2324.0 29.9998 28.3298 29.9903 29.9997
2325.0 29.9998 28.3307 29.9904 29.9997
2326.0 29.9998 28.3315 29.9905 29.9997
2327.0 29.9998 28.3325 29.9904 29.9997
2328.0 29.9997 28.3335 29.9904 29.9997
2329.0 29.9998 28.3344 29.9904 29.9997
2330.0 29.9998 28.3354 29.9903 29.9997
2331.0 29.9998 28.3362 29.9901 29.9998
2332.0 29.9998 28.337 29.9903 29.9998
2333.0 29.9998 28.3378 29.9902 29.9998
2334.0 29.9998 28.3387 29.9903 29.9998
2335.0 29.9998 28.3397 29.9902 29.9997
2336.0 29.9998 28.3405 29.9902 29.9998
2337.0 29.9997 28.3413 29.9903 29.9997
2338.0 29.9998 28.3422 29.9903 29.9998
2339.0 29.9997 28.3431 29.9903 29.9998
2340.0 29.9998 28.3441 29.9904 29.9997
2341.0 29.9998 28.3451 29.9905 29.9997
2342.0 29.9998 28.3461 29.9904 29.9997
2343.0 29.9998 28.3468 29.9904 29.9997
2344.0 29.9998 28.3476 29.9904 29.9997
2345.0 29.9998 28.3486 29.9904 29.9997
2346.0 29.9998 28.3495 29.9904 29.9998
2347.0 29.9998 28.3505 29.9903 29.9998
2348.0 29.9998 28.3515 29.9904 29.9997
2349.0 29.9998 28.3523 29.9905 29.9998
2350.0 29.9997 28.3534 29.9904 29.9997
2351.0 29.9998 28.3542 29.9904 29.9997
2352.0 29.9998 28.3551 29.9904 29.9997
2353.0 29.9997 28.356 29.9904 29.9997
2354.0 29.9998 28.3568 29.9905 29.9998
2355.0 29.9998 28.3576 29.9903 29.9997
2356.0 29.9998 28.3586 29.9903 29.9997
2357.0 29.9998 28.3595 29.9903 29.9997
2358.0 29.9998 28.3603 29.9903 29.9998
2359.0 29.9998 28.3613 29.9903 29.9997
2360.0 29.9997 28.3619 29.9904 29.9997
2361.0 29.9998 28.3628 29.9903 29.9997
2362.0 29.9998 28.3636 29.9902 29.9998
2363.0 29.9998 28.3643 29.9903 29.9998
2364.0 29.9998 28.3651 29.9902 29.9997
2365.0 29.9998 28.3661 29.9901 29.9997
2366.0 29.9998 28.3668 29.9901 29.9997
2367.0 29.9998 28.3676 29.9902 29.9997
2368.0 29.9998 28.3683 29.9901 29.9997
2369.0 29.9998 28.3692 29.9903 29.9997
2370.0 29.9998 28.3699 29.9902 29.9997
2371.0 29.9998 28.3709 29.9902 29.9997
2372.0 29.9998 28.3717 29.9903 29.9998
2373.0 29.9998 28.3726 29.9903 29.9998
2374.0 29.9998 28.3735 29.9904 29.9997
2375.0 29.9998 28.3742 29.9904 29.9997
2376.0 29.9998 28.375 29.9902 29.9998
2377.0 29.9998 28.3758 29.9902 29.9997
2378.0 29.9998 28.3766 29.9903 29.9998
2379.0 29.9998 28.3774 29.9904 29.9997
2380.0 29.9998 28.3783 29.9904 29.9997
2381.0 29.9998 28.3791 29.9904 29.9997
2382.0 29.9998 28.3798 29.9904 29.9998
2383.0 29.9998 28.3807 29.9905 29.9998
2384.0 29.9998 28.3816 29.9904 29.9997
2385.0 29.9998 28.3823 29.9905 29.9997
2386.0 29.9998 28.383 29.9905 29.9998
2387.0 29.9998 28.3838 29.9905 29.9998
2388.0 29.9998 28.3845 29.9904 29.9998
2389.0 29.9998 28.3854 29.9906 29.9997
2390.0 29.9998 28.3863 29.9905 29.9997
2391.0 29.9998 28.3869 29.9905 29.9997
2392.0 29.9998 28.3878 29.9905 29.9997
2393.0 29.9998 28.3886 29.9905 29.9997
2394.0 29.9998 28.3893 29.9905 29.9997
2395.0 29.9998 28.3901 29.9905 29.9997
2396.0 29.9998 28.391 29.9905 29.9997
2397.0 29.9998 28.3918 29.9904 29.9997
2398.0 29.9998 28.3926 29.9904 29.9998
2399.0 29.9998 28.3933 29.9905 29.9998
2400.0 29.9998 28.394 29.9904 29.9997
2401.0 29.9998 28.3948 29.9905 29.9998
2402.0 29.9998 28.3957 29.9905 29.9997
2403.0 29.9998 28.3966 29.9905 29.9998
2404.0 29.9997 28.3972 29.9904 29.9997
2405.0 29.9998 28.3979 29.9904 29.9997
2406.0 29.9998 28.3987 29.9904 29.9998
2407.0 29.9997 28.3995 29.9903 29.9997
2408.0 29.9998 28.4003 29.9905 29.9997
2409.0 29.9998 28.4011 29.9905 29.9998
2410.0 29.9998 28.4019 29.9906 29.9998
2411.0 29.9998 28.4026 29.9906 29.9997
2412.0 29.9997 28.4035 29.9905 29.9997
2413.0 29.9998 28.4043 29.9904 29.9998
2414.0 29.9998 28.405 29.9904 29.9997
2415.0 29.9998 28.4058 29.9904 29.9998
2416.0 29.9998 28.4065 29.9906 29.9998
2417.0 29.9998 28.4071 29.9905 29.9998
2418.0 29.9998 28.4079 29.9905 29.9997
2419.0 29.9998 28.4088 29.9905 29.9997
2420.0 29.9998 28.4096 29.9905 29.9997
2421.0 29.9998 28.4102 29.9905 29.9997
2422.0 29.9998 28.411 29.9904 29.9997
2423.0 29.9998 28.4116 29.9905 29.9997
2424.0 29.9998 28.4123 29.9905 29.9997
2425.0 29.9997 28.4131 29.9904 29.9997
2426.0 29.9998 28.4137 29.9903 29.9998
2427.0 29.9998 28.4145 29.9902 29.9998
2428.0 29.9998 28.4151 29.9903 29.9998
2429.0 29.9998 28.4158 29.9904 29.9997
2430.0 29.9998 28.4165 29.9902 29.9997
2431.0 29.9998 28.4173 29.9902 29.9997
2432.0 29.9998 28.4181 29.9902 29.9997
2433.0 29.9998 28.4189 29.9903 29.9997
2434.0 29.9998 28.4198 29.9903 29.9997
2435.0 29.9998 28.4206 29.9904 29.9998
2436.0 29.9997 28.4212 29.9905 29.9997
2437.0 29.9998 28.4219 29.9904 29.9997
2438.0 29.9998 28.4226 29.9903 29.9998
2439.0 29.9998 28.4234 29.9902 29.9997
2440.0 29.9998 28.4241 29.9905 29.9997
2441.0 29.9998 28.4248 29.9904 29.9997
2442.0 29.9998 28.4253 29.9903 29.9998
2443.0 29.9998 28.4261 29.9904 29.9997
2444.0 29.9998 28.4268 29.9904 29.9997
2445.0 29.9998 28.4276 29.9904 29.9998
2446.0 29.9998 28.4284 29.9906 29.9997
2447.0 29.9998 28.4291 29.9904 29.9997
2448.0 29.9998 28.4297 29.9904 29.9997
2449.0 29.9997 28.4303 29.9903 29.9998
2450.0 29.9998 28.431 29.9904 29.9997
2451.0 29.9998 28.4317 29.9904 29.9997
2452.0 29.9998 28.4325 29.9904 29.9997
2453.0 29.9998 28.4332 29.9903 29.9997
2454.0 29.9998 28.4339 29.9906 29.9997
2455.0 29.9998 28.4347 29.9907 29.9997
2456.0 29.9998 28.4353 29.9906 29.9997
2457.0 29.9998 28.436 29.9906 29.9997
2458.0 29.9998 28.4368 29.9906 29.9997
2459.0 29.9998 28.4375 29.9905 29.9997
2460.0 29.9998 28.4382 29.9906 29.9998
2461.0 29.9998 28.4389 29.9906 29.9998
2462.0 29.9998 28.4396 29.9906 29.9997
2463.0 29.9998 28.4404 29.9906 29.9997
2464.0 29.9998 28.4412 29.9904 29.9998
2465.0 29.9998 28.4417 29.9904 29.9997
2466.0 29.9998 28.4425 29.9904 29.9997
2467.0 29.9998 28.4431 29.9906 29.9997
2468.0 29.9998 28.4439 29.9906 29.9997
2469.0 29.9998 28.4445 29.9906 29.9997
2470.0 29.9998 28.4452 29.9907 29.9997
2471.0 29.9998 28.4459 29.9907 29.9998
2472.0 29.9998 28.4464 29.9906 29.9998
2473.0 29.9998 28.4473 29.9906 29.9997
2474.0 29.9998 28.4481 29.9906 29.9998
2475.0 29.9998 28.4488 29.9906 29.9997
2476.0 29.9998 28.4496 29.9905 29.9997
2477.0 29.9998 28.4502 29.9905 29.9998
2478.0 29.9998 28.4509 29.9905 29.9997
2479.0 29.9998 28.4515 29.9904 29.9997
2480.0 29.9998 28.4522 29.9904 29.9997
2481.0 29.9998 28.4528 29.9903 29.9997
2482.0 29.9998 28.4535 29.9902 29.9997
2483.0 29.9998 28.4542 29.9902 29.9997
2484.0 29.9998 28.4548 29.9903 29.9998
2485.0 29.9997 28.4555 29.9902 29.9997
2486.0 29.9998 28.4561 29.9903 29.9997
2487.0 29.9998 28.457 29.9903 29.9997
2488.0 29.9998 28.4575 29.9903 29.9997
2489.0 29.9998 28.4581 29.9903 29.9997
2490.0 29.9998 28.4589 29.9903 29.9997
2491.0 29.9998 28.4595 29.9902 29.9997
2492.0 29.9998 28.4601 29.9903 29.9997
2493.0 29.9998 28.4607 29.9903 29.9998
2494.0 29.9998 28.4615 29.9903 29.9998
2495.0 29.9998 28.4622 29.9902 29.9998
2496.0 29.9998 28.4629 29.9903 29.9998
2497.0 29.9997 28.4637 29.9902 29.9997
2498.0 29.9998 28.4642 29.9903 29.9997
2499.0 29.9997 28.4648 29.9904 29.9998
2500.0 29.9998 28.4655 29.9906 29.9998
