# Auto-collated output:
# x: Time
# y: [F-actin]
# columns: Cooperativity
#     ['Vectorial', '1e+00', '1e+04', '1e+08']

0.0 -0.00136 -0.00136 -0.00136 -0.00136
1.0 0.635019 0.634088 0.635152 0.636081
2.0 1.25785 1.25604 1.258 1.25814
3.0 1.86575 1.86311 1.86657 1.86591
4.0 2.46173 2.45961 2.46219 2.46283
5.0 3.04582 3.04359 3.04547 3.04424
6.0 3.61647 3.61288 3.61732 3.61483
7.0 4.1731 4.17065 4.17589 4.17344
8.0 4.71836 4.71873 4.72083 4.72029
9.0 5.25468 5.25338 5.25365 5.25649
10.0 5.77959 5.77795 5.77691 5.77996
11.0 6.29096 6.2912 6.28985 6.29116
12.0 6.79476 6.79264 6.79186 6.79148
13.0 7.28524 7.28363 7.28185 7.28425
14.0 7.76604 7.76295 7.76166 7.76462
15.0 8.23552 8.23321 8.23182 8.23507
16.0 8.69678 8.69448 8.69141 8.69435
17.0 9.14718 9.14462 9.14168 9.14387
18.0 9.58757 9.5855 9.58218 9.58493
19.0 10.0187 10.0163 10.0131 10.0163
20.0 10.4413 10.4386 10.4338 10.4395
21.0 10.8539 10.8518 10.8474 10.8526
22.0 11.2591 11.2561 11.2534 11.257
23.0 11.6555 11.651 11.6486 11.6525
24.0 12.0426 12.0388 12.0367 12.0401
25.0 12.422 12.4179 12.4163 12.4197
26.0 12.7931 12.7889 12.7872 12.7919
27.0 13.1569 13.1519 13.1513 13.1532
28.0 13.5131 13.5073 13.5067 13.5094
29.0 13.8594 13.8563 13.8531 13.8587
30.0 14.2007 14.1954 14.1926 14.1983
31.0 14.5328 14.5281 14.5277 14.531
32.0 14.8584 14.8544 14.8545 14.8573
33.0 15.178 15.1733 15.1745 15.1757
34.0 15.4907 15.4866 15.4868 15.4888
35.0 15.7967 15.7935 15.7925 15.7943
36.0 16.0959 16.0924 16.091 16.093
37.0 16.3884 16.3862 16.3834 16.3857
38.0 16.6755 16.6735 16.6702 16.6719
39.0 16.9547 16.9535 16.9514 16.9521
40.0 17.2293 17.2266 17.2267 17.226
41.0 17.4978 17.4948 17.494 17.4947
42.0 17.7597 17.7574 17.7565 17.7582
43.0 18.016 18.0139 18.0142 18.0172
44.0 18.2677 18.267 18.2651 18.2704
45.0 18.5144 18.5131 18.5129 18.5167
46.0 18.7556 18.7543 18.7541 18.7579
47.0 18.9919 18.9902 18.9887 18.9941
48.0 19.2219 19.2218 19.2204 19.225
49.0 19.4484 19.4478 19.4466 19.4513
50.0 19.6693 19.6683 19.6677 19.6735
51.0 19.8862 19.8848 19.8835 19.8909
52.0 20.0976 20.0962 20.0961 20.1025
53.0 20.3044 20.3048 20.3041 20.3104
54.0 20.5064 20.5073 20.5075 20.5144
55.0 20.7052 20.7056 20.7066 20.7127
56.0 20.8998 20.9001 20.901 20.9064
57.0 21.0908 21.0915 21.0908 21.0963
58.0 21.2772 21.2776 21.2767 21.2821
59.0 21.4602 21.4602 21.4595 21.4641
60.0 21.6388 21.6388 21.6373 21.6428
61.0 21.8151 21.8133 21.8122 21.8173
62.0 21.9869 21.9842 21.9831 21.989
63.0 22.1542 22.1516 22.1515 22.1552
64.0 22.319 22.3151 22.3152 22.3194
65.0 22.4789 22.4757 22.4748 22.4803
66.0 22.6355 22.632 22.6311 22.6371
67.0 22.7892 22.7859 22.7843 22.7908
68.0 22.9388 22.9363 22.9347 22.9406
69.0 23.0851 23.0835 23.0811 23.0888
70.0 23.2283 23.2268 23.2253 23.2327
71.0 23.3691 23.3669 23.3655 23.3733
72.0 23.5065 23.5051 23.5023 23.5106
73.0 23.6421 23.6392 23.6373 23.6456
74.0 23.7744 23.7708 23.7693 23.7773
75.0 23.9028 23.9 23.8995 23.9055
76.0 24.0295 24.0262 24.0265 24.0321
77.0 24.1533 24.1497 24.1497 24.1567
78.0 24.2746 24.2715 24.2712 24.2772
79.0 24.3933 24.3898 24.3909 24.3953
80.0 24.5088 24.506 24.5068 24.5111
81.0 24.6216 24.6198 24.62 24.625
82.0 24.733 24.7311 24.7313 24.7356
83.0 24.8412 24.8395 24.8398 24.8437
84.0 24.9473 24.9458 24.9461 24.9498
85.0 25.0519 25.0499 25.0505 25.0534
86.0 25.154 25.1517 25.1528 25.155
87.0 25.2537 25.2513 25.2525 25.2544
88.0 25.3511 25.3492 25.3494 25.352
89.0 25.4474 25.4446 25.4448 25.4478
90.0 25.5415 25.5383 25.5384 25.5412
91.0 25.6322 25.6295 25.63 25.6325
92.0 25.7217 25.7195 25.7194 25.7224
93.0 25.8096 25.8074 25.8062 25.8102
94.0 25.8948 25.8924 25.8918 25.8963
95.0 25.9777 25.9767 25.9756 25.98
96.0 26.0602 26.0593 26.0583 26.0624
97.0 26.1402 26.1405 26.1386 26.1429
98.0 26.2187 26.2193 26.2176 26.2218
99.0 26.2957 26.2969 26.2947 26.299
100.0 26.3712 26.3723 26.3706 26.374
101.0 26.445 26.4458 26.4444 26.4471
102.0 26.5171 26.5177 26.5167 26.5194
103.0 26.5873 26.589 26.5875 26.5897
104.0 26.6568 26.6577 26.6572 26.6589
105.0 26.7243 26.7251 26.725 26.7271
106.0 26.7913 26.7914 26.7914 26.7931
107.0 26.8566 26.8563 26.8567 26.8577
108.0 26.9197 26.9196 26.92 26.921
109.0 26.9819 26.9817 26.982 26.9834
110.0 27.0421 27.0421 27.0427 27.0443
111.0 27.101 27.1017 27.1021 27.1039
112.0 27.1602 27.1611 27.1606 27.1626
113.0 27.2171 27.218 27.2184 27.219
114.0 27.2732 27.2743 27.2741 27.275
115.0 27.3275 27.3292 27.3291 27.3298
116.0 27.3811 27.3829 27.3832 27.3827
117.0 27.4332 27.4351 27.4356 27.4345
118.0 27.4844 27.4861 27.4867 27.4855
119.0 27.5347 27.536 27.5366 27.5352
120.0 27.5841 27.5849 27.5859 27.5845
121.0 27.6322 27.6329 27.6339 27.6328
122.0 27.6791 27.6795 27.6809 27.6798
123.0 27.725 27.7254 27.7267 27.7254
124.0 27.7701 27.7702 27.7722 27.7709
125.0 27.8139 27.8148 27.8163 27.8147
126.0 27.8571 27.8582 27.8593 27.8576
127.0 27.8989 27.9007 27.9017 27.9
128.0 27.9403 27.942 27.9433 27.9417
129.0 27.9805 27.9822 27.9834 27.9819
130.0 28.0203 28.0215 28.0233 28.0215
131.0 28.0589 28.0602 28.0618 28.0604
132.0 28.0972 28.0981 28.0993 28.0984
133.0 28.1343 28.1355 28.1364 28.1356
134.0 28.1705 28.1713 28.1729 28.172
135.0 28.2058 28.2069 28.2081 28.2073
136.0 28.2408 28.2415 28.2432 28.2423
137.0 28.275 28.2754 28.2773 28.2763
138.0 28.3085 28.3089 28.3107 28.3094
139.0 28.341 28.3412 28.3431 28.3421
140.0 28.3734 28.373 28.3745 28.3737
141.0 28.4045 28.4043 28.4057 28.4049
142.0 28.4348 28.4349 28.4363 28.4361
143.0 28.4647 28.4645 28.4662 28.4664
144.0 28.4939 28.4936 28.4952 28.4956
145.0 28.5226 28.5221 28.5241 28.524
146.0 28.5508 28.5499 28.5522 28.5522
147.0 28.5788 28.5775 28.5795 28.5795
148.0 28.6056 28.6049 28.6064 28.6064
149.0 28.6316 28.6307 28.633 28.6328
150.0 28.6569 28.6562 28.6586 28.6589
151.0 28.682 28.6814 28.6832 28.6836
152.0 28.7066 28.7059 28.7078 28.708
153.0 28.7306 28.7301 28.7317 28.7317
154.0 28.7546 28.7535 28.7554 28.7556
155.0 28.7775 28.7768 28.7785 28.7784
156.0 28.8002 28.7995 28.8012 28.801
157.0 28.8222 28.8216 28.8232 28.8235
158.0 28.844 28.8431 28.8449 28.8449
159.0 28.8653 28.8642 28.8661 28.8664
160.0 28.8861 28.8849 28.8869 28.8868
161.0 28.9063 28.9054 28.9075 28.907
162.0 28.9262 28.9252 28.9276 28.9271
163.0 28.9458 28.9448 28.9472 28.9464
164.0 28.9645 28.9637 28.9663 28.9657
165.0 28.9833 28.9827 28.9846 28.9844
166.0 29.0016 29.001 29.003 29.0027
167.0 29.0195 29.019 29.0207 29.0204
168.0 29.0371 29.0366 29.0381 29.0377
169.0 29.0544 29.0537 29.0554 29.0545
170.0 29.0711 29.0709 29.0724 29.0712
171.0 29.0875 29.0874 29.0887 29.0876
172.0 29.1036 29.1035 29.105 29.1036
173.0 29.1188 29.1191 29.1208 29.1195
174.0 29.1342 29.1342 29.1364 29.1353
175.0 29.1492 29.1495 29.1514 29.1504
176.0 29.1642 29.1643 29.1663 29.165
177.0 29.1787 29.1788 29.1805 29.1794
178.0 29.1928 29.1929 29.1943 29.1932
179.0 29.2068 29.2066 29.2081 29.2069
180.0 29.2206 29.2205 29.2215 29.2202
181.0 29.2342 29.2338 29.2345 29.2334
182.0 29.2474 29.247 29.2476 29.2464
183.0 29.26 29.2599 29.2603 29.2593
184.0 29.2726 29.2725 29.2727 29.2718
185.0 29.285 29.2846 29.2848 29.284
186.0 29.2969 29.2965 29.2969 29.2958
187.0 29.3083 29.3082 29.3087 29.3078
188.0 29.3198 29.3196 29.32 29.3195
189.0 29.3309 29.3308 29.3309 29.3307
190.0 29.342 29.3418 29.3421 29.3415
191.0 29.3528 29.3525 29.3528 29.3523
192.0 29.3632 29.363 29.3631 29.3626
193.0 29.3736 29.3733 29.3735 29.3729
194.0 29.3838 29.3834 29.3838 29.3826
195.0 29.3935 29.3931 29.3935 29.3925
196.0 29.403 29.4027 29.4033 29.4019
197.0 29.4126 29.412 29.4124 29.4112
198.0 29.4218 29.4214 29.4215 29.4204
199.0 29.4308 29.4304 29.4304 29.4293
200.0 29.4395 29.4396 29.4391 29.4382
201.0 29.4481 29.4484 29.4475 29.4467
202.0 29.4567 29.4568 29.4562 29.4553
203.0 29.4647 29.4652 29.4642 29.4636
204.0 29.4726 29.4734 29.4725 29.4715
205.0 29.4804 29.481 29.4803 29.4797
206.0 29.4881 29.4886 29.4881 29.4874
207.0 29.4956 29.4962 29.4958 29.495
208.0 29.5029 29.5038 29.5033 29.5025
209.0 29.5102 29.5109 29.5106 29.5099
210.0 29.5173 29.5181 29.5179 29.5169
211.0 29.5243 29.525 29.5248 29.5236
212.0 29.5309 29.5318 29.5316 29.5303
213.0 29.5374 29.5383 29.5381 29.5369
214.0 29.544 29.5448 29.5444 29.5434
215.0 29.5506 29.5513 29.5507 29.5499
216.0 29.5568 29.5576 29.5569 29.5558
217.0 29.563 29.5638 29.563 29.5619
218.0 29.5689 29.5697 29.5689 29.5678
219.0 29.5748 29.5756 29.5747 29.5733
220.0 29.5806 29.5813 29.5804 29.5788
221.0 29.5863 29.5871 29.5861 29.5843
222.0 29.5916 29.5925 29.5916 29.5898
223.0 29.5968 29.598 29.597 29.595
224.0 29.6019 29.6032 29.602 29.6003
225.0 29.6069 29.6084 29.6071 29.6055
226.0 29.6119 29.6135 29.612 29.6106
227.0 29.6167 29.6183 29.6169 29.6154
228.0 29.6215 29.6232 29.6218 29.6201
229.0 29.6263 29.6277 29.6266 29.6247
230.0 29.6307 29.6323 29.6313 29.6294
231.0 29.6352 29.637 29.6357 29.6337
232.0 29.6396 29.6414 29.6402 29.6381
233.0 29.6438 29.6455 29.6444 29.6425
234.0 29.6478 29.6497 29.6485 29.6465
235.0 29.6519 29.654 29.6528 29.6505
236.0 29.6559 29.658 29.6568 29.6545
237.0 29.6595 29.6618 29.6607 29.6584
238.0 29.6632 29.6655 29.6642 29.6622
239.0 29.667 29.6693 29.6679 29.6658
240.0 29.6707 29.673 29.6718 29.6694
241.0 29.6743 29.6765 29.6752 29.6731
242.0 29.6779 29.6799 29.6785 29.6766
243.0 29.6811 29.6833 29.6819 29.6799
244.0 29.6843 29.6866 29.6852 29.683
245.0 29.6875 29.6898 29.6885 29.6861
246.0 29.6905 29.6928 29.6915 29.6894
247.0 29.6934 29.6958 29.6945 29.6925
248.0 29.6964 29.6987 29.6976 29.6955
249.0 29.6995 29.7014 29.7005 29.6983
250.0 29.7024 29.704 29.7031 29.7013
251.0 29.7054 29.7068 29.7058 29.704
252.0 29.7082 29.7095 29.7086 29.7065
253.0 29.7109 29.7123 29.7112 29.7094
254.0 29.7134 29.7146 29.7137 29.7119
255.0 29.7158 29.7172 29.7163 29.7143
256.0 29.7183 29.7197 29.7188 29.7167
257.0 29.7207 29.722 29.7212 29.7191
258.0 29.7229 29.7244 29.7235 29.7213
259.0 29.7248 29.7266 29.7259 29.7238
260.0 29.7269 29.7288 29.7279 29.7261
261.0 29.7288 29.7308 29.7301 29.7279
262.0 29.7305 29.7329 29.7322 29.73
263.0 29.7324 29.7347 29.7342 29.7319
264.0 29.7345 29.7367 29.7363 29.7336
265.0 29.7363 29.7386 29.7384 29.7354
266.0 29.7378 29.7404 29.7402 29.7372
267.0 29.7393 29.7423 29.7421 29.7387
268.0 29.7412 29.7441 29.7439 29.7402
269.0 29.7427 29.7458 29.7458 29.7418
270.0 29.7442 29.7476 29.7476 29.7433
271.0 29.7455 29.7491 29.7492 29.7446
272.0 29.7469 29.7507 29.7508 29.746
273.0 29.7482 29.7523 29.7525 29.7473
274.0 29.7494 29.7538 29.7539 29.7484
275.0 29.7506 29.7552 29.7552 29.7495
276.0 29.7517 29.7566 29.7567 29.7506
277.0 29.7529 29.7581 29.7581 29.7515
278.0 29.7538 29.7595 29.7594 29.7524
279.0 29.7547 29.7607 29.7606 29.7535
280.0 29.7556 29.762 29.7619 29.7543
281.0 29.7566 29.7632 29.7631 29.7553
282.0 29.7573 29.7641 29.7644 29.7564
283.0 29.7581 29.7652 29.7655 29.7569
284.0 29.7588 29.7662 29.7664 29.7576
285.0 29.7594 29.7673 29.7672 29.758
286.0 29.7597 29.7683 29.7681 29.7588
287.0 29.7603 29.7692 29.769 29.7591
288.0 29.7606 29.7701 29.7699 29.7594
289.0 29.761 29.771 29.7707 29.7597
290.0 29.7612 29.7718 29.7716 29.76
291.0 29.7615 29.7726 29.7722 29.7604
292.0 29.7619 29.7734 29.7728 29.7609
293.0 29.762 29.7741 29.7734 29.7612
294.0 29.7621 29.7749 29.7739 29.7614
295.0 29.7623 29.7756 29.7744 29.7617
296.0 29.7622 29.7761 29.7751 29.7614
297.0 29.7622 29.7766 29.7757 29.7613
298.0 29.7621 29.777 29.7761 29.7612
299.0 29.762 29.7774 29.7764 29.7611
300.0 29.7619 29.7779 29.7771 29.7611
301.0 29.7614 29.7785 29.7775 29.7609
302.0 29.7609 29.779 29.778 29.7607
303.0 29.7608 29.7793 29.7785 29.7604
304.0 29.7604 29.7796 29.7789 29.76
305.0 29.7602 29.78 29.7791 29.7597
306.0 29.7598 29.7803 29.7794 29.7595
307.0 29.7594 29.7806 29.7797 29.7589
308.0 29.759 29.7809 29.7797 29.7582
309.0 29.7584 29.7811 29.7799 29.7574
310.0 29.7575 29.7814 29.7799 29.7568
311.0 29.7565 29.7817 29.78 29.7561
312.0 29.7559 29.7819 29.78 29.7551
313.0 29.7551 29.782 29.78 29.7541
314.0 29.7542 29.782 29.7801 29.7533
315.0 29.7533 29.7822 29.78 29.7523
316.0 29.7524 29.7823 29.7802 29.7512
317.0 29.7513 29.7824 29.7802 29.7502
318.0 29.7505 29.7825 29.7802 29.7491
319.0 29.7492 29.7826 29.78 29.7481
320.0 29.7482 29.7825 29.7798 29.7472
321.0 29.7469 29.7825 29.7794 29.746
322.0 29.7458 29.7824 29.7791 29.7447
323.0 29.7445 29.7824 29.7787 29.7434
324.0 29.7436 29.7822 29.7785 29.7422
325.0 29.7424 29.782 29.7783 29.741
326.0 29.741 29.782 29.7777 29.7399
327.0 29.7397 29.7816 29.7773 29.7384
328.0 29.7382 29.7813 29.7769 29.7369
329.0 29.7369 29.7811 29.7763 29.7351
330.0 29.7357 29.781 29.776 29.7336
331.0 29.734 29.7808 29.7755 29.7322
332.0 29.7326 29.7805 29.775 29.7307
333.0 29.7309 29.7802 29.7744 29.7291
334.0 29.7294 29.7799 29.7739 29.7274
335.0 29.7278 29.7794 29.7733 29.7259
336.0 29.7262 29.7789 29.7727 29.724
337.0 29.7243 29.7785 29.7721 29.7222
338.0 29.7225 29.7782 29.7713 29.7201
339.0 29.7207 29.7776 29.7707 29.7183
340.0 29.7189 29.7773 29.7699 29.7165
341.0 29.7168 29.7768 29.7691 29.7145
342.0 29.7149 29.7764 29.7684 29.7127
343.0 29.7132 29.7758 29.7675 29.7109
344.0 29.7113 29.7753 29.7665 29.7092
345.0 29.7092 29.7748 29.7655 29.7073
346.0 29.7073 29.7741 29.7646 29.7054
347.0 29.705 29.7737 29.7635 29.7032
348.0 29.703 29.773 29.7627 29.7012
349.0 29.7008 29.7724 29.7616 29.699
350.0 29.6986 29.7717 29.7607 29.6967
351.0 29.6962 29.7711 29.7595 29.6945
352.0 29.6941 29.7704 29.7586 29.6925
353.0 29.6918 29.7697 29.7574 29.6903
354.0 29.6896 29.7688 29.7562 29.688
355.0 29.6873 29.7681 29.7552 29.6854
356.0 29.6851 29.7674 29.754 29.683
357.0 29.6827 29.7666 29.7527 29.6807
358.0 29.6802 29.7658 29.7515 29.6782
359.0 29.6779 29.7651 29.7503 29.6756
360.0 29.6755 29.7644 29.7489 29.6732
361.0 29.6728 29.7637 29.7473 29.6709
362.0 29.6701 29.7629 29.7456 29.6683
363.0 29.6674 29.762 29.7441 29.6656
364.0 29.6648 29.7612 29.7429 29.6633
365.0 29.6622 29.7604 29.7415 29.6606
366.0 29.6594 29.7594 29.7398 29.6583
367.0 29.657 29.7584 29.7384 29.6557
368.0 29.6544 29.7576 29.7367 29.6533
369.0 29.6517 29.7566 29.7353 29.6507
370.0 29.6487 29.7557 29.7338 29.6483
371.0 29.646 29.7546 29.7323 29.6458
372.0 29.6434 29.7538 29.7308 29.6432
373.0 29.6411 29.7529 29.7292 29.6405
374.0 29.6381 29.7521 29.7273 29.6381
375.0 29.6354 29.7511 29.7255 29.6353
376.0 29.6325 29.75 29.7238 29.6328
377.0 29.6295 29.749 29.7218 29.63
378.0 29.6265 29.748 29.7202 29.6275
379.0 29.6238 29.747 29.7184 29.6246
380.0 29.6209 29.7459 29.7166 29.6216
381.0 29.6178 29.7449 29.715 29.6189
382.0 29.6147 29.7439 29.7132 29.616
383.0 29.6118 29.743 29.7114 29.6135
384.0 29.6084 29.7419 29.7096 29.6106
385.0 29.6056 29.7407 29.7077 29.6075
386.0 29.6027 29.7397 29.7057 29.6046
387.0 29.5999 29.7386 29.7038 29.6016
388.0 29.597 29.7376 29.7019 29.5987
389.0 29.5941 29.7365 29.6999 29.5958
390.0 29.5909 29.7353 29.6981 29.5929
391.0 29.5878 29.7341 29.6964 29.59
392.0 29.585 29.733 29.6946 29.5869
393.0 29.5817 29.7319 29.6927 29.584
394.0 29.5788 29.7306 29.6905 29.5808
395.0 29.576 29.7293 29.6887 29.5778
396.0 29.5729 29.7281 29.6865 29.575
397.0 29.5697 29.7269 29.6846 29.5719
398.0 29.5668 29.7257 29.6826 29.5688
399.0 29.5638 29.7245 29.6807 29.5658
400.0 29.5608 29.7235 29.6788 29.5623
401.0 29.5574 29.7222 29.6766 29.559
402.0 29.5543 29.7211 29.6747 29.5555
403.0 29.5507 29.7199 29.6726 29.5524
404.0 29.5474 29.7184 29.6705 29.5493
405.0 29.5442 29.7171 29.6685 29.5459
406.0 29.5411 29.7158 29.6663 29.5427
407.0 29.5378 29.7145 29.6641 29.5395
408.0 29.5345 29.7131 29.662 29.5364
409.0 29.5313 29.7117 29.6596 29.5334
410.0 29.528 29.7101 29.6574 29.5304
411.0 29.5247 29.7089 29.6552 29.5272
412.0 29.5214 29.7074 29.6531 29.5239
413.0 29.5182 29.706 29.6509 29.5206
414.0 29.5151 29.7045 29.6487 29.5175
415.0 29.512 29.7033 29.6463 29.5143
416.0 29.5088 29.7019 29.6443 29.5113
417.0 29.5051 29.7005 29.6419 29.508
418.0 29.5016 29.6989 29.6395 29.5046
419.0 29.498 29.6977 29.6373 29.5014
420.0 29.4948 29.6963 29.6349 29.4981
421.0 29.4915 29.6949 29.6326 29.4948
422.0 29.4883 29.6932 29.6304 29.4914
423.0 29.4852 29.6916 29.6283 29.4879
424.0 29.4819 29.6901 29.626 29.4845
425.0 29.4784 29.6886 29.6237 29.4811
426.0 29.4751 29.687 29.6212 29.4776
427.0 29.4717 29.6854 29.6187 29.4743
428.0 29.4685 29.6838 29.6165 29.4708
429.0 29.4651 29.6824 29.6143 29.4675
430.0 29.4618 29.6809 29.6121 29.4641
431.0 29.4585 29.6794 29.6097 29.4605
432.0 29.455 29.6778 29.6072 29.4573
433.0 29.4515 29.6763 29.6048 29.4539
434.0 29.448 29.6748 29.6022 29.4506
435.0 29.4445 29.6732 29.5998 29.4475
436.0 29.4412 29.6715 29.5972 29.4441
437.0 29.4378 29.6699 29.5948 29.4409
438.0 29.4344 29.6683 29.5922 29.4374
439.0 29.4309 29.6666 29.5897 29.4339
440.0 29.4275 29.665 29.5873 29.4305
441.0 29.4242 29.6634 29.5847 29.4269
442.0 29.4211 29.6617 29.5824 29.4236
443.0 29.4176 29.6599 29.5802 29.4204
444.0 29.4143 29.6583 29.5775 29.4168
445.0 29.4107 29.6565 29.575 29.4131
446.0 29.4072 29.6548 29.5725 29.4094
447.0 29.4037 29.6532 29.57 29.406
448.0 29.4004 29.6515 29.5674 29.4026
449.0 29.3972 29.6499 29.5649 29.3993
450.0 29.3937 29.6481 29.5625 29.3958
451.0 29.3902 29.6465 29.5599 29.3924
452.0 29.3867 29.6446 29.5575 29.3891
453.0 29.3832 29.6428 29.555 29.3857
454.0 29.3798 29.6412 29.5526 29.3823
455.0 29.3764 29.6394 29.55 29.3787
456.0 29.3729 29.6376 29.5475 29.3753
457.0 29.3695 29.636 29.545 29.372
458.0 29.366 29.6342 29.5426 29.3688
459.0 29.3624 29.6325 29.54 29.3654
460.0 29.3589 29.631 29.5376 29.3621
461.0 29.3554 29.6291 29.535 29.359
462.0 29.3516 29.6273 29.5325 29.3557
463.0 29.3482 29.6255 29.53 29.3523
464.0 29.3451 29.6238 29.5275 29.3489
465.0 29.3416 29.6218 29.5251 29.3453
466.0 29.3379 29.62 29.5226 29.3417
467.0 29.3344 29.6182 29.5202 29.3384
468.0 29.331 29.6163 29.5177 29.335
469.0 29.3273 29.6144 29.5154 29.3315
470.0 29.324 29.6126 29.5128 29.328
471.0 29.3204 29.6107 29.5104 29.3243
472.0 29.317 29.6089 29.5079 29.3208
473.0 29.3136 29.6071 29.5056 29.3176
474.0 29.3099 29.6053 29.5031 29.3143
475.0 29.3067 29.6036 29.5005 29.3106
476.0 29.3031 29.6019 29.498 29.3071
477.0 29.2995 29.6001 29.4956 29.3037
478.0 29.2961 29.5981 29.4932 29.3003
479.0 29.2925 29.5965 29.4909 29.2969
480.0 29.2889 29.5946 29.4884 29.2934
481.0 29.2857 29.5926 29.4861 29.2901
482.0 29.2823 29.5905 29.4837 29.2865
483.0 29.2789 29.5889 29.4812 29.2829
484.0 29.2756 29.587 29.4788 29.2794
485.0 29.2722 29.5853 29.4765 29.2761
486.0 29.2688 29.5835 29.474 29.2724
487.0 29.2654 29.5815 29.4716 29.269
488.0 29.2619 29.5798 29.4693 29.2651
489.0 29.2585 29.5778 29.4668 29.2614
490.0 29.2551 29.5758 29.4643 29.2579
491.0 29.2517 29.5739 29.4618 29.2545
492.0 29.2482 29.5722 29.4594 29.2513
493.0 29.2448 29.5702 29.4571 29.2478
494.0 29.2415 29.5685 29.4549 29.2446
495.0 29.2379 29.5667 29.4526 29.2413
496.0 29.2347 29.5645 29.4502 29.2378
497.0 29.2311 29.5626 29.4476 29.2345
498.0 29.2277 29.5607 29.4451 29.2313
499.0 29.2245 29.5588 29.4427 29.2278
500.0 29.2214 29.5569 29.4403 29.2245
501.0 29.2179 29.5549 29.4377 29.2215
502.0 29.2143 29.5529 29.4353 29.218
503.0 29.2111 29.5509 29.4327 29.2147
504.0 29.2079 29.5489 29.4304 29.2114
505.0 29.2044 29.5468 29.4279 29.208
506.0 29.2012 29.5447 29.4254 29.2045
507.0 29.1978 29.5427 29.4231 29.2012
508.0 29.1945 29.5407 29.4205 29.1982
509.0 29.191 29.5386 29.418 29.1951
510.0 29.1878 29.5368 29.4156 29.1919
511.0 29.1845 29.535 29.413 29.1884
512.0 29.1809 29.533 29.4106 29.185
513.0 29.1775 29.531 29.4081 29.1817
514.0 29.174 29.529 29.4059 29.1785
515.0 29.1708 29.527 29.4036 29.1752
516.0 29.1674 29.525 29.4015 29.1719
517.0 29.1641 29.5232 29.399 29.1688
518.0 29.1605 29.5213 29.3966 29.1655
519.0 29.1573 29.5193 29.3942 29.1624
520.0 29.1542 29.5172 29.3917 29.1593
521.0 29.151 29.5151 29.3892 29.1561
522.0 29.1479 29.5129 29.387 29.1527
523.0 29.1449 29.511 29.3845 29.1494
524.0 29.1416 29.5089 29.3822 29.1463
525.0 29.1384 29.5068 29.3801 29.1432
526.0 29.1352 29.5046 29.3775 29.1399
527.0 29.1318 29.5026 29.3752 29.1365
528.0 29.1287 29.5006 29.3728 29.1334
529.0 29.1254 29.4985 29.3704 29.1303
530.0 29.1222 29.4966 29.3678 29.1271
531.0 29.1191 29.4945 29.3655 29.1239
532.0 29.1158 29.4923 29.363 29.1205
533.0 29.1123 29.4903 29.3605 29.1177
534.0 29.1091 29.4882 29.3582 29.1146
535.0 29.1059 29.4863 29.3559 29.1116
536.0 29.1025 29.4843 29.3534 29.1086
537.0 29.0997 29.4822 29.351 29.1054
538.0 29.0966 29.4803 29.3487 29.1023
539.0 29.0935 29.4783 29.3463 29.0992
540.0 29.0901 29.4762 29.3438 29.0959
541.0 29.0869 29.4742 29.3414 29.0926
542.0 29.0835 29.4722 29.3389 29.0893
543.0 29.0806 29.4699 29.3363 29.0861
544.0 29.0778 29.4679 29.3337 29.0828
545.0 29.0746 29.4659 29.3314 29.0795
546.0 29.0715 29.4637 29.329 29.0763
547.0 29.0684 29.4616 29.3267 29.0734
548.0 29.0652 29.4593 29.3242 29.0702
549.0 29.0624 29.4572 29.3217 29.0672
550.0 29.0592 29.455 29.3191 29.064
551.0 29.0563 29.4528 29.3164 29.061
552.0 29.0532 29.4506 29.3139 29.058
553.0 29.0504 29.4484 29.3114 29.0551
554.0 29.0474 29.4463 29.309 29.0518
555.0 29.0446 29.4439 29.3065 29.049
556.0 29.0417 29.4419 29.3042 29.0457
557.0 29.0386 29.4398 29.3018 29.0427
558.0 29.0357 29.4376 29.2993 29.0399
559.0 29.0329 29.4354 29.2969 29.0369
560.0 29.0299 29.4331 29.2943 29.0338
561.0 29.0266 29.4308 29.292 29.0307
562.0 29.0236 29.4287 29.2896 29.0277
563.0 29.0204 29.4265 29.2873 29.0249
564.0 29.0175 29.424 29.2847 29.0217
565.0 29.0144 29.4221 29.2823 29.0187
566.0 29.0113 29.4198 29.2798 29.0157
567.0 29.0085 29.4177 29.2776 29.0127
568.0 29.0054 29.4156 29.2751 29.0094
569.0 29.0022 29.4134 29.2726 29.0064
570.0 28.9991 29.4116 29.27 29.0037
571.0 28.9963 29.4094 29.2676 29.0006
572.0 28.9933 29.407 29.265 28.9978
573.0 28.9903 29.4049 29.2626 28.9947
574.0 28.9871 29.4026 29.2602 28.992
575.0 28.9843 29.4004 29.2577 28.9892
576.0 28.9813 29.3983 29.2553 28.9862
577.0 28.9785 29.396 29.253 28.9831
578.0 28.9757 29.3937 29.2507 28.9804
579.0 28.9727 29.3916 29.2485 28.9775
580.0 28.9699 29.3896 29.246 28.9745
581.0 28.9669 29.3872 29.2437 28.9718
582.0 28.9644 29.3851 29.2413 28.9686
583.0 28.9613 29.3832 29.2389 28.9654
584.0 28.9586 29.381 29.2366 28.9625
585.0 28.9559 29.3789 29.2341 28.9596
586.0 28.9531 29.3766 29.2318 28.9567
587.0 28.9502 29.3743 29.2294 28.9539
588.0 28.9475 29.3722 29.2272 28.9512
589.0 28.9446 29.37 29.2251 28.9484
590.0 28.942 29.3678 29.2229 28.9456
591.0 28.939 29.3656 29.2208 28.9427
592.0 28.936 29.3634 29.2184 28.9399
593.0 28.9334 29.3612 29.2159 28.9368
594.0 28.9307 29.3589 29.2135 28.9338
595.0 28.9279 29.3568 29.2111 28.931
596.0 28.9253 29.3547 29.2085 28.9286
597.0 28.9228 29.3524 29.2062 28.926
598.0 28.9199 29.3503 29.204 28.9232
599.0 28.9172 29.348 29.2016 28.9202
600.0 28.9144 29.346 29.1994 28.9172
601.0 28.9117 29.344 29.1972 28.9146
602.0 28.909 29.3414 29.1948 28.9119
603.0 28.9064 29.3393 29.1927 28.9093
604.0 28.9036 29.3372 29.1903 28.9065
605.0 28.9009 29.3347 29.1879 28.9038
606.0 28.8982 29.3325 29.1858 28.9014
607.0 28.8952 29.3306 29.1834 28.899
608.0 28.8925 29.3282 29.181 28.8963
609.0 28.8897 29.326 29.1788 28.8937
610.0 28.8867 29.3238 29.1764 28.8909
611.0 28.8842 29.3216 29.174 28.8884
612.0 28.8812 29.3195 29.1717 28.8854
613.0 28.8783 29.3171 29.169 28.8827
614.0 28.8751 29.3148 29.1668 28.88
615.0 28.8725 29.3124 29.1646 28.8775
616.0 28.8696 29.3101 29.1623 28.8749
617.0 28.8672 29.3078 29.1601 28.8722
618.0 28.8645 29.3056 29.1578 28.8694
619.0 28.8616 29.3034 29.1554 28.8669
620.0 28.8591 29.3012 29.1531 28.8642
621.0 28.8563 29.299 29.1508 28.8617
622.0 28.8537 29.2967 29.1485 28.8593
623.0 28.8511 29.2945 29.1464 28.8569
624.0 28.8484 29.2925 29.1439 28.8545
625.0 28.8461 29.2904 29.1418 28.852
626.0 28.8437 29.2884 29.1394 28.8495
627.0 28.8412 29.2861 29.1369 28.8472
628.0 28.8388 29.284 29.1345 28.8448
629.0 28.8365 29.2818 29.1322 28.8421
630.0 28.8339 29.2794 29.1299 28.8395
631.0 28.8312 29.277 29.1274 28.8367
632.0 28.8287 29.2749 29.125 28.8342
633.0 28.8265 29.2727 29.1229 28.8319
634.0 28.8241 29.2704 29.1209 28.8292
635.0 28.8216 29.2682 29.1188 28.8267
636.0 28.8193 29.266 29.1164 28.824
637.0 28.8169 29.2637 29.1141 28.8214
638.0 28.8146 29.2612 29.1117 28.8189
639.0 28.8121 29.2591 29.1095 28.8166
640.0 28.8097 29.2568 29.1072 28.8144
641.0 28.8074 29.2547 29.105 28.8118
642.0 28.8052 29.2526 29.1028 28.8093
643.0 28.8032 29.2505 29.1004 28.807
644.0 28.8009 29.2483 29.098 28.8049
645.0 28.7984 29.2459 29.0957 28.8026
646.0 28.7962 29.2438 29.0934 28.8002
647.0 28.7934 29.2415 29.0911 28.7978
648.0 28.791 29.2392 29.0891 28.7958
649.0 28.7888 29.237 29.0866 28.7932
650.0 28.7864 29.2348 29.0843 28.7908
651.0 28.7841 29.2327 29.0818 28.7883
652.0 28.7816 29.2305 29.0795 28.7861
653.0 28.7796 29.2285 29.0776 28.7841
654.0 28.7771 29.226 29.0752 28.7816
655.0 28.775 29.2239 29.073 28.7793
656.0 28.7727 29.2217 29.0707 28.7772
657.0 28.7705 29.2196 29.0686 28.775
658.0 28.7679 29.2175 29.0665 28.7728
659.0 28.7656 29.2152 29.064 28.7706
660.0 28.7634 29.2126 29.0618 28.7684
661.0 28.7609 29.2107 29.0596 28.7664
662.0 28.7588 29.2084 29.0573 28.7643
663.0 28.7567 29.2061 29.0552 28.762
664.0 28.7548 29.2038 29.0532 28.7599
665.0 28.7525 29.2016 29.051 28.7576
666.0 28.7504 29.1994 29.0488 28.7554
667.0 28.7481 29.1974 29.0468 28.7529
668.0 28.7457 29.195 29.0447 28.7503
669.0 28.7433 29.193 29.0426 28.7479
670.0 28.7411 29.1908 29.0406 28.7457
671.0 28.739 29.1885 29.0386 28.7437
672.0 28.7368 29.1865 29.0362 28.7415
673.0 28.7344 29.1842 29.0339 28.7392
674.0 28.7324 29.1818 29.0317 28.7371
675.0 28.7303 29.1796 29.0295 28.7346
676.0 28.7282 29.1775 29.0273 28.7325
677.0 28.726 29.1753 29.0251 28.7301
678.0 28.7238 29.173 29.0233 28.7279
679.0 28.7216 29.1708 29.0211 28.7256
680.0 28.7195 29.1687 29.019 28.7234
681.0 28.7173 29.1667 29.0168 28.7213
682.0 28.7152 29.1643 29.0147 28.7195
683.0 28.713 29.1622 29.0128 28.7175
684.0 28.711 29.1599 29.0107 28.7154
685.0 28.709 29.1578 29.0086 28.7134
686.0 28.7069 29.1555 29.0062 28.7114
687.0 28.7049 29.1533 29.0043 28.7094
688.0 28.7025 29.1511 29.0023 28.7074
689.0 28.7004 29.1487 29.0001 28.7052
690.0 28.6984 29.1464 28.9979 28.7032
691.0 28.6963 29.1442 28.9958 28.701
692.0 28.6941 29.1421 28.9935 28.6989
693.0 28.6919 29.1401 28.9912 28.6967
694.0 28.6899 29.1377 28.9891 28.6947
695.0 28.6881 29.1356 28.9869 28.6927
696.0 28.6864 29.1335 28.985 28.6905
697.0 28.6845 29.1314 28.9829 28.689
698.0 28.6826 29.1292 28.9806 28.6871
699.0 28.6806 29.1269 28.9786 28.6852
700.0 28.6786 29.1248 28.9762 28.6831
701.0 28.6766 29.1228 28.9742 28.6812
702.0 28.6745 29.1206 28.972 28.6793
703.0 28.6726 29.1186 28.9699 28.6775
704.0 28.6707 29.1166 28.9676 28.6757
705.0 28.6688 29.1145 28.9654 28.6736
706.0 28.6669 29.1125 28.9633 28.6717
707.0 28.6649 29.1101 28.961 28.6697
708.0 28.6633 29.1081 28.9591 28.6677
709.0 28.6617 29.106 28.9571 28.6658
710.0 28.6597 29.1037 28.9551 28.6639
711.0 28.6576 29.1016 28.9531 28.6621
712.0 28.656 29.0995 28.951 28.6598
713.0 28.6538 29.0971 28.9489 28.6579
714.0 28.652 29.0949 28.9468 28.6562
715.0 28.65 29.0927 28.9444 28.6542
716.0 28.6479 29.0905 28.9421 28.6525
717.0 28.6462 29.0884 28.9399 28.6505
718.0 28.6441 29.0862 28.9379 28.6485
719.0 28.6422 29.0839 28.9356 28.6465
720.0 28.6406 29.082 28.9336 28.6448
721.0 28.6388 29.0798 28.9315 28.643
722.0 28.6372 29.0779 28.9296 28.6411
723.0 28.6355 29.0757 28.9274 28.6391
724.0 28.6338 29.0735 28.9253 28.6376
725.0 28.6318 29.0712 28.9231 28.636
726.0 28.6302 29.0692 28.921 28.6342
727.0 28.6284 29.0671 28.9189 28.6323
728.0 28.6266 29.0648 28.9168 28.6304
729.0 28.625 29.0626 28.9146 28.6286
730.0 28.6232 29.0605 28.9126 28.6265
731.0 28.6213 29.0583 28.9106 28.6248
732.0 28.6198 29.0561 28.9084 28.6231
733.0 28.6182 29.0541 28.9064 28.6209
734.0 28.6164 29.052 28.9045 28.6191
735.0 28.6145 29.0499 28.9024 28.6173
736.0 28.6125 29.0476 28.9005 28.6156
737.0 28.6109 29.0455 28.8984 28.614
738.0 28.6093 29.0435 28.8966 28.6121
739.0 28.6076 29.0415 28.8947 28.6103
740.0 28.6059 29.0394 28.8927 28.6085
741.0 28.6043 29.0374 28.8905 28.6069
742.0 28.6026 29.0353 28.8885 28.605
743.0 28.6007 29.0334 28.8863 28.603
744.0 28.5991 29.0314 28.8843 28.6013
745.0 28.5971 29.0295 28.8823 28.5993
746.0 28.5954 29.0273 28.8804 28.5979
747.0 28.5939 29.0253 28.8784 28.5962
748.0 28.5918 29.0233 28.8764 28.5942
749.0 28.59 29.0213 28.8743 28.5924
750.0 28.5885 29.0192 28.8726 28.5906
751.0 28.5867 29.0172 28.8705 28.589
752.0 28.5848 29.0153 28.8685 28.5873
753.0 28.5833 29.013 28.8667 28.5857
754.0 28.5815 29.0109 28.8646 28.5841
755.0 28.5797 29.0089 28.8625 28.5823
756.0 28.5781 29.0068 28.8605 28.5807
757.0 28.5765 29.0045 28.8586 28.5784
758.0 28.5748 29.0028 28.8565 28.5766
759.0 28.5732 29.0006 28.8545 28.5752
760.0 28.5715 28.9985 28.8525 28.5731
761.0 28.5697 28.9964 28.8504 28.5717
762.0 28.5682 28.9944 28.8484 28.5699
763.0 28.5665 28.9924 28.8463 28.5683
764.0 28.5649 28.9901 28.8445 28.5665
765.0 28.5632 28.9882 28.8423 28.5647
766.0 28.5614 28.9862 28.8404 28.563
767.0 28.5597 28.9842 28.8385 28.5614
768.0 28.5583 28.982 28.8364 28.5599
769.0 28.5568 28.9801 28.8343 28.5582
770.0 28.555 28.978 28.8325 28.5564
771.0 28.5534 28.976 28.8306 28.5547
772.0 28.5517 28.9739 28.8287 28.5533
773.0 28.55 28.9721 28.8269 28.5516
774.0 28.5486 28.97 28.8249 28.55
775.0 28.5473 28.9679 28.8229 28.5481
776.0 28.5457 28.9659 28.8212 28.5467
777.0 28.544 28.9639 28.8192 28.5451
778.0 28.5423 28.9617 28.8173 28.5432
779.0 28.5408 28.9597 28.8156 28.5418
780.0 28.5393 28.9578 28.8138 28.5404
781.0 28.5377 28.9556 28.8116 28.539
782.0 28.5361 28.9535 28.8095 28.5375
783.0 28.5345 28.9517 28.8078 28.5362
784.0 28.5331 28.9497 28.806 28.5345
785.0 28.5317 28.9479 28.8041 28.5328
786.0 28.5303 28.9458 28.8022 28.5315
787.0 28.5288 28.9438 28.8003 28.5299
788.0 28.5273 28.9419 28.7987 28.5285
789.0 28.5259 28.9398 28.7967 28.5272
790.0 28.5246 28.9378 28.7948 28.5259
791.0 28.5234 28.9358 28.7927 28.5243
792.0 28.5218 28.9338 28.7907 28.523
793.0 28.5202 28.9318 28.7887 28.5216
794.0 28.5188 28.9298 28.7869 28.5203
795.0 28.5178 28.9278 28.785 28.5188
796.0 28.5163 28.9258 28.783 28.5172
797.0 28.5149 28.924 28.7812 28.5159
798.0 28.5135 28.9219 28.7793 28.5143
799.0 28.5122 28.9201 28.7775 28.5129
800.0 28.5106 28.918 28.7757 28.5116
801.0 28.5091 28.9161 28.7741 28.51
802.0 28.5078 28.9139 28.7723 28.5087
803.0 28.5064 28.912 28.7703 28.5073
804.0 28.505 28.91 28.7684 28.5058
805.0 28.5039 28.908 28.7667 28.5044
806.0 28.5027 28.9062 28.7648 28.5031
807.0 28.5013 28.9042 28.7631 28.5016
808.0 28.5 28.9023 28.7612 28.4998
809.0 28.4987 28.9004 28.7594 28.4985
810.0 28.4976 28.8984 28.7576 28.4969
811.0 28.4964 28.8964 28.7557 28.4954
812.0 28.4951 28.8944 28.7537 28.494
813.0 28.4938 28.8922 28.7516 28.4925
814.0 28.4927 28.8903 28.7499 28.4911
815.0 28.4914 28.8883 28.7481 28.4901
816.0 28.4902 28.8864 28.7461 28.4888
817.0 28.4886 28.8845 28.7445 28.4872
818.0 28.4876 28.8826 28.7425 28.4856
819.0 28.4863 28.8808 28.7405 28.4843
820.0 28.4852 28.8789 28.7388 28.4831
821.0 28.484 28.877 28.7369 28.4816
822.0 28.4829 28.8753 28.7351 28.48
823.0 28.4815 28.8736 28.7332 28.4784
824.0 28.4801 28.8716 28.7314 28.477
825.0 28.4787 28.8696 28.7296 28.4757
826.0 28.4772 28.8677 28.7278 28.4744
827.0 28.4759 28.8657 28.726 28.4731
828.0 28.4746 28.8638 28.7241 28.4717
829.0 28.4731 28.8621 28.7224 28.4702
830.0 28.4722 28.8603 28.7205 28.4692
831.0 28.471 28.8585 28.7187 28.4681
832.0 28.4697 28.8564 28.7171 28.4671
833.0 28.4686 28.8546 28.7154 28.4657
834.0 28.4675 28.8528 28.7134 28.4645
835.0 28.4663 28.851 28.7116 28.4632
836.0 28.4651 28.8492 28.7101 28.4619
837.0 28.4638 28.8475 28.7084 28.4606
838.0 28.4627 28.8455 28.7068 28.4593
839.0 28.4613 28.8433 28.7052 28.4583
840.0 28.4598 28.8417 28.7035 28.4572
841.0 28.4586 28.8399 28.7017 28.4557
842.0 28.4575 28.8381 28.7 28.4542
843.0 28.4569 28.8364 28.6982 28.4531
844.0 28.4557 28.8344 28.6962 28.4518
845.0 28.4544 28.8327 28.6944 28.4506
846.0 28.4533 28.8307 28.6925 28.449
847.0 28.452 28.8288 28.6907 28.4475
848.0 28.4507 28.827 28.6889 28.4464
849.0 28.4492 28.8253 28.6869 28.4453
850.0 28.4481 28.8236 28.6854 28.444
851.0 28.4474 28.8218 28.6835 28.4429
852.0 28.4464 28.8198 28.6816 28.4415
853.0 28.4454 28.8181 28.6798 28.4406
854.0 28.4442 28.8164 28.6778 28.4396
855.0 28.4432 28.8145 28.6761 28.4385
856.0 28.4421 28.8128 28.6744 28.4374
857.0 28.441 28.8111 28.6728 28.4361
858.0 28.4399 28.8093 28.6714 28.4352
859.0 28.4388 28.8074 28.6695 28.4341
860.0 28.4377 28.8055 28.6678 28.4329
861.0 28.4367 28.8037 28.666 28.4317
862.0 28.4354 28.802 28.6641 28.4308
863.0 28.4343 28.8003 28.6623 28.4297
864.0 28.4331 28.7984 28.6605 28.4286
865.0 28.4319 28.7965 28.6588 28.4275
866.0 28.4305 28.7947 28.6571 28.4261
867.0 28.4295 28.7931 28.6552 28.4249
868.0 28.4281 28.7913 28.6536 28.4239
869.0 28.4272 28.7896 28.6519 28.4224
870.0 28.4262 28.7878 28.6501 28.4211
871.0 28.4252 28.7859 28.6484 28.4199
872.0 28.4243 28.7841 28.6468 28.4189
873.0 28.4235 28.7825 28.6453 28.4175
874.0 28.4221 28.7807 28.6433 28.4162
875.0 28.4209 28.7788 28.6417 28.4149
876.0 28.42 28.777 28.6401 28.4141
877.0 28.4188 28.7754 28.6382 28.413
878.0 28.4176 28.7737 28.6366 28.4118
879.0 28.4166 28.772 28.635 28.4107
880.0 28.4153 28.7702 28.6335 28.4096
881.0 28.4139 28.7684 28.6317 28.4087
882.0 28.4129 28.7671 28.6299 28.4074
883.0 28.4119 28.7656 28.6284 28.4061
884.0 28.4107 28.7636 28.6265 28.405
885.0 28.4095 28.7619 28.6249 28.4037
886.0 28.4082 28.7603 28.6231 28.403
887.0 28.4071 28.7587 28.6215 28.4017
888.0 28.4058 28.757 28.6203 28.4006
889.0 28.405 28.7553 28.6184 28.3993
890.0 28.4039 28.7536 28.6166 28.3985
891.0 28.4025 28.7519 28.6152 28.3973
892.0 28.4018 28.7501 28.6133 28.3963
893.0 28.4008 28.7484 28.6116 28.3953
894.0 28.3999 28.7465 28.6099 28.3946
895.0 28.3989 28.7449 28.6083 28.3933
896.0 28.3976 28.7432 28.6066 28.3926
897.0 28.3964 28.7414 28.6051 28.3915
898.0 28.3955 28.7398 28.6038 28.3907
899.0 28.3944 28.738 28.6023 28.3899
900.0 28.3935 28.7365 28.6007 28.3892
901.0 28.3925 28.7347 28.5991 28.3883
902.0 28.3916 28.7328 28.5976 28.3874
903.0 28.3906 28.7312 28.5958 28.3866
904.0 28.3895 28.7294 28.5942 28.3854
905.0 28.3889 28.7277 28.5928 28.3844
906.0 28.388 28.7262 28.5912 28.3835
907.0 28.3871 28.7248 28.5895 28.3823
908.0 28.3861 28.7229 28.5878 28.3812
909.0 28.3851 28.7212 28.5862 28.3803
910.0 28.3841 28.7194 28.5847 28.3794
911.0 28.3831 28.7178 28.5831 28.3785
912.0 28.3824 28.7163 28.5813 28.3772
913.0 28.3814 28.7147 28.5797 28.3763
914.0 28.3806 28.7132 28.5783 28.3755
915.0 28.3796 28.7114 28.577 28.3744
916.0 28.3787 28.7098 28.5757 28.3735
917.0 28.3778 28.7083 28.5738 28.3725
918.0 28.3769 28.7066 28.5721 28.3717
919.0 28.3759 28.7047 28.5704 28.3704
920.0 28.375 28.7029 28.5692 28.3695
921.0 28.3738 28.7013 28.5675 28.3687
922.0 28.3729 28.6997 28.5658 28.3675
923.0 28.372 28.6983 28.5644 28.3668
924.0 28.3709 28.6967 28.5626 28.3658
925.0 28.3699 28.695 28.5611 28.3651
926.0 28.369 28.6934 28.5594 28.3642
927.0 28.3682 28.6918 28.5581 28.3632
928.0 28.367 28.6902 28.5568 28.3624
929.0 28.3666 28.6887 28.5551 28.3618
930.0 28.3658 28.6873 28.554 28.3608
931.0 28.365 28.6856 28.5524 28.36
932.0 28.3643 28.6841 28.5509 28.359
933.0 28.3636 28.6828 28.5494 28.3582
934.0 28.363 28.6813 28.5482 28.3571
935.0 28.3622 28.6796 28.5467 28.3564
936.0 28.3612 28.6779 28.5452 28.3555
937.0 28.3604 28.6765 28.5437 28.3546
938.0 28.3595 28.675 28.5423 28.3535
939.0 28.3585 28.6738 28.5406 28.3524
940.0 28.3576 28.6719 28.5391 28.3514
941.0 28.3567 28.6705 28.5377 28.3505
942.0 28.356 28.6689 28.5364 28.3498
943.0 28.355 28.6672 28.5349 28.3492
944.0 28.354 28.6657 28.5334 28.3484
945.0 28.3532 28.6642 28.5318 28.3476
946.0 28.3526 28.6628 28.5304 28.3468
947.0 28.352 28.6611 28.5291 28.346
948.0 28.3511 28.6595 28.5277 28.3449
949.0 28.3502 28.658 28.5262 28.3441
950.0 28.3493 28.6565 28.5247 28.3435
951.0 28.3486 28.6552 28.5234 28.3426
952.0 28.3478 28.6537 28.522 28.3418
953.0 28.347 28.6522 28.5206 28.341
954.0 28.3466 28.6505 28.5193 28.3398
955.0 28.3458 28.6489 28.5176 28.339
956.0 28.3449 28.6475 28.5164 28.3381
957.0 28.3439 28.6459 28.5152 28.3372
958.0 28.3429 28.6444 28.5136 28.3365
959.0 28.3421 28.6432 28.5124 28.3359
960.0 28.3411 28.6419 28.5111 28.3352
961.0 28.3403 28.6405 28.5099 28.3343
962.0 28.3393 28.6392 28.5085 28.3335
963.0 28.3389 28.6378 28.5073 28.3329
964.0 28.3382 28.6364 28.5059 28.332
965.0 28.3376 28.6351 28.5045 28.3312
966.0 28.337 28.6334 28.5032 28.3302
967.0 28.3363 28.6319 28.5018 28.3296
968.0 28.3355 28.6304 28.5003 28.3291
969.0 28.3349 28.629 28.499 28.3281
970.0 28.3341 28.6278 28.4977 28.3278
971.0 28.3334 28.626 28.4966 28.3271
972.0 28.3329 28.6247 28.4952 28.3265
973.0 28.3322 28.6232 28.4937 28.3255
974.0 28.3314 28.622 28.4922 28.3248
975.0 28.3308 28.6206 28.4907 28.3242
976.0 28.33 28.619 28.4898 28.3232
977.0 28.3294 28.6176 28.4882 28.3222
978.0 28.3285 28.616 28.4872 28.3215
979.0 28.3276 28.6148 28.4856 28.3209
980.0 28.3269 28.6134 28.4844 28.3201
981.0 28.3258 28.6118 28.483 28.3194
982.0 28.3255 28.6104 28.4815 28.3186
983.0 28.3246 28.6089 28.4802 28.3176
984.0 28.3238 28.6076 28.4787 28.3168
985.0 28.3234 28.6063 28.4777 28.3158
986.0 28.3225 28.6046 28.4766 28.315
987.0 28.3218 28.603 28.4753 28.3145
988.0 28.3211 28.6015 28.4738 28.3136
989.0 28.3203 28.5999 28.4726 28.3129
990.0 28.3196 28.5987 28.4712 28.3123
991.0 28.3189 28.5973 28.4702 28.3117
992.0 28.3183 28.5958 28.469 28.3114
993.0 28.3175 28.5944 28.4675 28.3105
994.0 28.3168 28.5932 28.4663 28.3102
995.0 28.3162 28.5919 28.4653 28.3094
996.0 28.3154 28.5905 28.4641 28.3088
997.0 28.3149 28.5892 28.463 28.3083
998.0 28.3146 28.5878 28.4616 28.3076
999.0 28.3139 28.5862 28.4605 28.307
1000.0 28.3133 28.5849 28.4596 28.3063
1001.0 28.3128 28.5836 28.4585 28.3059
1002.0 28.312 28.582 28.4572 28.3053
1003.0 28.3109 28.5805 28.4562 28.3046
1004.0 28.3103 28.5792 28.4551 28.3043
1005.0 28.3096 28.5779 28.454 28.3036
1006.0 28.309 28.5767 28.4528 28.3029
1007.0 28.3082 28.5755 28.4513 28.302
1008.0 28.3078 28.5742 28.4501 28.3014
1009.0 28.3074 28.5731 28.4487 28.3006
1010.0 28.3069 28.5718 28.4477 28.2999
1011.0 28.306 28.5704 28.4466 28.2992
1012.0 28.3053 28.5692 28.4452 28.2984
1013.0 28.3049 28.5677 28.4438 28.2978
1014.0 28.3041 28.5665 28.4427 28.2972
1015.0 28.3035 28.5653 28.4416 28.2965
1016.0 28.3029 28.564 28.4405 28.2959
1017.0 28.3025 28.5627 28.4393 28.2953
1018.0 28.3018 28.5612 28.4381 28.2948
1019.0 28.3014 28.5598 28.4368 28.2939
1020.0 28.301 28.5586 28.4356 28.2934
1021.0 28.3004 28.5572 28.4346 28.2931
1022.0 28.3003 28.556 28.4336 28.2924
1023.0 28.3001 28.5547 28.4321 28.2915
1024.0 28.2995 28.5533 28.4307 28.2908
1025.0 28.2988 28.552 28.4294 28.29
1026.0 28.298 28.5508 28.4281 28.2896
1027.0 28.2974 28.5492 28.4267 28.2892
1028.0 28.2968 28.5481 28.4252 28.2889
1029.0 28.2965 28.547 28.424 28.2886
1030.0 28.2956 28.5457 28.4228 28.2881
1031.0 28.2951 28.5443 28.4216 28.2875
1032.0 28.2946 28.543 28.4205 28.2872
1033.0 28.2941 28.5416 28.4197 28.2866
1034.0 28.2937 28.5402 28.4186 28.2859
1035.0 28.2933 28.5394 28.4174 28.2856
1036.0 28.2928 28.538 28.4164 28.2853
1037.0 28.2922 28.5366 28.415 28.2847
1038.0 28.2918 28.5352 28.414 28.284
1039.0 28.2915 28.534 28.4128 28.2837
1040.0 28.291 28.5327 28.4121 28.2829
1041.0 28.2904 28.5317 28.4108 28.2822
1042.0 28.2894 28.5305 28.4099 28.2818
1043.0 28.2888 28.5293 28.4091 28.2816
1044.0 28.288 28.5284 28.408 28.2813
1045.0 28.2876 28.527 28.4067 28.2802
1046.0 28.2869 28.526 28.4056 28.2797
1047.0 28.2863 28.5246 28.4048 28.279
1048.0 28.2855 28.5232 28.4038 28.2787
1049.0 28.2849 28.5219 28.4026 28.2782
1050.0 28.2845 28.5208 28.4018 28.2775
1051.0 28.284 28.5199 28.4009 28.2767
1052.0 28.2836 28.5188 28.3996 28.2762
1053.0 28.2829 28.5175 28.3986 28.2757
1054.0 28.2823 28.5166 28.3973 28.2751
1055.0 28.2817 28.5154 28.3962 28.2748
1056.0 28.2814 28.5142 28.3954 28.2742
1057.0 28.281 28.5128 28.3943 28.2738
1058.0 28.2806 28.5117 28.3933 28.273
1059.0 28.2805 28.5106 28.3922 28.2727
1060.0 28.28 28.5094 28.3912 28.2722
1061.0 28.2794 28.5081 28.3901 28.2713
1062.0 28.2791 28.5072 28.3893 28.2708
1063.0 28.2781 28.5062 28.3883 28.2704
1064.0 28.2775 28.5047 28.3873 28.2701
1065.0 28.2769 28.5038 28.3866 28.2698
1066.0 28.2762 28.5028 28.3858 28.2691
1067.0 28.2758 28.5017 28.385 28.2688
1068.0 28.2754 28.5004 28.3838 28.2683
1069.0 28.2753 28.4993 28.3828 28.268
1070.0 28.2747 28.4982 28.3818 28.2674
1071.0 28.2743 28.4969 28.3807 28.2668
1072.0 28.2736 28.4958 28.38 28.2668
1073.0 28.2732 28.4946 28.379 28.2661
1074.0 28.2729 28.4936 28.3782 28.2657
1075.0 28.2724 28.4925 28.3771 28.2653
1076.0 28.2716 28.4916 28.376 28.2647
1077.0 28.271 28.4903 28.3751 28.2641
1078.0 28.2705 28.4891 28.3743 28.2636
1079.0 28.27 28.4879 28.3735 28.2628
1080.0 28.2692 28.487 28.3726 28.2625
1081.0 28.2684 28.486 28.3719 28.2619
1082.0 28.268 28.4849 28.3712 28.2613
1083.0 28.2678 28.4839 28.3699 28.2609
1084.0 28.2673 28.4828 28.3689 28.2602
1085.0 28.2666 28.4819 28.3679 28.2598
1086.0 28.2661 28.481 28.3671 28.2597
1087.0 28.2658 28.4801 28.3663 28.2589
1088.0 28.265 28.4789 28.3653 28.2584
1089.0 28.2645 28.478 28.3646 28.2577
1090.0 28.264 28.4769 28.3636 28.2574
1091.0 28.2635 28.476 28.3627 28.2568
1092.0 28.263 28.4749 28.3619 28.2562
1093.0 28.2626 28.4737 28.361 28.256
1094.0 28.2621 28.4729 28.3599 28.2555
1095.0 28.2618 28.4718 28.359 28.2551
1096.0 28.261 28.4709 28.3579 28.2546
1097.0 28.2605 28.4695 28.3572 28.2542
1098.0 28.2598 28.4688 28.3563 28.2536
1099.0 28.2593 28.4678 28.3557 28.2532
1100.0 28.2589 28.4666 28.3545 28.2523
1101.0 28.2584 28.4655 28.3538 28.2516
1102.0 28.2579 28.4644 28.3528 28.2513
1103.0 28.2577 28.4632 28.3519 28.2504
1104.0 28.2572 28.462 28.3512 28.2499
1105.0 28.2569 28.4612 28.3504 28.2492
1106.0 28.2569 28.4599 28.3494 28.2489
1107.0 28.2563 28.4589 28.3485 28.2484
1108.0 28.256 28.4579 28.3477 28.2478
1109.0 28.2557 28.4568 28.3468 28.2471
1110.0 28.2553 28.4558 28.3458 28.2468
1111.0 28.2548 28.4548 28.3451 28.2465
1112.0 28.2546 28.4538 28.3441 28.2461
1113.0 28.2539 28.4531 28.3431 28.2457
1114.0 28.2536 28.4518 28.3421 28.2453
1115.0 28.2533 28.4508 28.3414 28.2448
1116.0 28.2526 28.4496 28.3407 28.2446
1117.0 28.2524 28.4484 28.3401 28.2442
1118.0 28.2522 28.4474 28.3394 28.2439
1119.0 28.2518 28.4464 28.3384 28.2435
1120.0 28.2512 28.4455 28.3377 28.2431
1121.0 28.2509 28.4444 28.3367 28.243
1122.0 28.2503 28.4435 28.3358 28.2425
1123.0 28.2499 28.4427 28.3348 28.2423
1124.0 28.2498 28.4419 28.3339 28.2419
1125.0 28.2494 28.441 28.3331 28.2414
1126.0 28.249 28.4401 28.3319 28.241
1127.0 28.2486 28.439 28.3309 28.2407
1128.0 28.2483 28.4383 28.33 28.2403
1129.0 28.2478 28.4373 28.3293 28.2399
1130.0 28.2473 28.4362 28.3286 28.2391
1131.0 28.2467 28.4352 28.328 28.2389
1132.0 28.2466 28.4342 28.3273 28.2384
1133.0 28.2462 28.4335 28.3265 28.238
1134.0 28.2459 28.4323 28.326 28.2374
1135.0 28.2456 28.4308 28.3247 28.2366
1136.0 28.2452 28.4297 28.3241 28.2364
1137.0 28.2449 28.4287 28.3234 28.2358
1138.0 28.2445 28.4278 28.3226 28.2354
1139.0 28.2443 28.4268 28.3217 28.2351
1140.0 28.2437 28.4257 28.3207 28.2347
1141.0 28.2432 28.4245 28.3199 28.2338
1142.0 28.2426 28.4237 28.3193 28.2338
1143.0 28.2423 28.423 28.3185 28.2336
1144.0 28.2419 28.4219 28.3176 28.2333
1145.0 28.2415 28.4208 28.3172 28.2327
1146.0 28.2414 28.4198 28.3162 28.2323
1147.0 28.241 28.4189 28.3153 28.2319
1148.0 28.2405 28.418 28.3142 28.2315
1149.0 28.2405 28.4169 28.3135 28.2308
1150.0 28.2403 28.4156 28.3125 28.2307
1151.0 28.2401 28.4147 28.3118 28.2304
1152.0 28.2397 28.4139 28.3109 28.2299
1153.0 28.2393 28.4126 28.3104 28.2296
1154.0 28.239 28.4117 28.3095 28.229
1155.0 28.2385 28.4109 28.3086 28.2287
1156.0 28.2379 28.4103 28.308 28.2283
1157.0 28.2381 28.4094 28.3071 28.2279
1158.0 28.2376 28.4087 28.3064 28.2277
1159.0 28.2371 28.4079 28.3055 28.2273
1160.0 28.2365 28.407 28.3047 28.2271
1161.0 28.2362 28.4061 28.3038 28.2263
1162.0 28.2361 28.4049 28.3031 28.226
1163.0 28.2357 28.4041 28.3025 28.2255
1164.0 28.2355 28.4031 28.3016 28.2254
1165.0 28.2351 28.402 28.3008 28.2251
1166.0 28.2347 28.4012 28.3 28.2248
1167.0 28.2343 28.4 28.2991 28.2246
1168.0 28.2339 28.3993 28.2986 28.2245
1169.0 28.2334 28.3982 28.2979 28.2242
1170.0 28.233 28.3976 28.2968 28.2237
1171.0 28.233 28.3968 28.296 28.2234
1172.0 28.2324 28.3958 28.2951 28.2228
1173.0 28.2323 28.395 28.2944 28.2225
1174.0 28.232 28.394 28.2934 28.2224
1175.0 28.2318 28.3933 28.2929 28.222
1176.0 28.2315 28.3925 28.2922 28.2218
1177.0 28.2313 28.3916 28.2915 28.2214
1178.0 28.2311 28.3906 28.2911 28.2212
1179.0 28.2306 28.3897 28.2901 28.2208
1180.0 28.2301 28.3888 28.2893 28.2208
1181.0 28.2296 28.3881 28.2886 28.2205
1182.0 28.2296 28.3874 28.2882 28.2199
1183.0 28.2292 28.3866 28.2876 28.2194
1184.0 28.2284 28.3855 28.2869 28.2192
1185.0 28.2283 28.3852 28.2864 28.2189
1186.0 28.2277 28.3844 28.2855 28.2186
1187.0 28.2273 28.3836 28.2848 28.2181
1188.0 28.2272 28.3827 28.284 28.2177
1189.0 28.2266 28.3817 28.2833 28.2174
1190.0 28.2268 28.3809 28.2825 28.2172
1191.0 28.2264 28.3802 28.2821 28.217
1192.0 28.2258 28.3793 28.2814 28.2169
1193.0 28.2253 28.3784 28.2809 28.2167
1194.0 28.2251 28.3778 28.2802 28.2164
1195.0 28.2248 28.3771 28.2793 28.2159
1196.0 28.2249 28.3763 28.2785 28.2153
1197.0 28.2246 28.3755 28.2779 28.2151
1198.0 28.2243 28.3747 28.2771 28.2144
1199.0 28.2239 28.3736 28.2767 28.2143
1200.0 28.2234 28.3725 28.2761 28.2141
1201.0 28.2232 28.3716 28.2754 28.2137
1202.0 28.2226 28.3707 28.2749 28.2136
1203.0 28.2224 28.37 28.2742 28.2129
1204.0 28.222 28.3693 28.2738 28.2128
1205.0 28.2216 28.3686 28.2729 28.2127
1206.0 28.221 28.3678 28.2725 28.2124
1207.0 28.2205 28.3669 28.2718 28.2124
1208.0 28.22 28.3662 28.2715 28.2123
1209.0 28.2197 28.3653 28.2708 28.2119
1210.0 28.2193 28.3645 28.2703 28.2111
1211.0 28.2192 28.3634 28.2699 28.2106
1212.0 28.2189 28.3628 28.269 28.2102
1213.0 28.2188 28.3622 28.2685 28.2098
1214.0 28.2185 28.3614 28.2679 28.2093
1215.0 28.2182 28.3606 28.2675 28.2091
1216.0 28.2175 28.3599 28.267 28.2087
1217.0 28.2173 28.359 28.2662 28.2084
1218.0 28.217 28.3583 28.2657 28.2082
1219.0 28.2165 28.3575 28.2653 28.2078
1220.0 28.2164 28.3565 28.2646 28.2079
1221.0 28.2159 28.3558 28.2638 28.2074
1222.0 28.216 28.355 28.2631 28.2071
1223.0 28.2155 28.3545 28.2623 28.2068
1224.0 28.2156 28.3539 28.2617 28.2062
1225.0 28.2154 28.3532 28.2613 28.2062
1226.0 28.2151 28.3524 28.2607 28.2062
1227.0 28.2151 28.3516 28.2601 28.2059
1228.0 28.2151 28.351 28.2596 28.2056
1229.0 28.2151 28.3502 28.259 28.2052
1230.0 28.2149 28.3497 28.2585 28.205
1231.0 28.2143 28.3488 28.258 28.2048
1232.0 28.2139 28.348 28.2575 28.2044
1233.0 28.2134 28.3475 28.2571 28.2042
1234.0 28.213 28.3468 28.2568 28.2042
1235.0 28.2129 28.3459 28.2564 28.204
1236.0 28.2125 28.3453 28.2559 28.2037
1237.0 28.2123 28.3445 28.2557 28.2037
1238.0 28.2122 28.344 28.2547 28.2037
1239.0 28.2119 28.3432 28.2542 28.2035
1240.0 28.2119 28.3427 28.2536 28.2033
1241.0 28.2114 28.342 28.2531 28.2031
1242.0 28.2113 28.3414 28.2527 28.2026
1243.0 28.2111 28.3404 28.2519 28.2023
1244.0 28.2112 28.3395 28.2513 28.2022
1245.0 28.2106 28.3388 28.2507 28.202
1246.0 28.2103 28.3379 28.2502 28.2018
1247.0 28.2099 28.3371 28.2496 28.2015
1248.0 28.2097 28.3365 28.2492 28.2011
1249.0 28.2097 28.3359 28.2486 28.2008
1250.0 28.2095 28.3347 28.2479 28.2006
1251.0 28.2091 28.3337 28.2474 28.2003
1252.0 28.2091 28.333 28.2467 28.2002
1253.0 28.2087 28.3321 28.246 28.1999
1254.0 28.2085 28.3316 28.2456 28.1996
1255.0 28.2085 28.3308 28.2454 28.1993
1256.0 28.2078 28.33 28.2448 28.1992
1257.0 28.2075 28.3293 28.2442 28.1987
1258.0 28.2072 28.3287 28.2437 28.1985
1259.0 28.2071 28.3281 28.2434 28.1982
1260.0 28.207 28.3273 28.2431 28.1981
1261.0 28.2067 28.3267 28.243 28.1978
1262.0 28.2065 28.326 28.2428 28.1977
1263.0 28.2061 28.3253 28.2423 28.1976
1264.0 28.2059 28.3245 28.242 28.1975
1265.0 28.2058 28.3241 28.2417 28.1972
1266.0 28.2054 28.3234 28.2413 28.1971
1267.0 28.2048 28.3227 28.2409 28.1968
1268.0 28.2047 28.3222 28.2404 28.1969
1269.0 28.2045 28.3216 28.2397 28.1963
1270.0 28.2043 28.3211 28.2394 28.196
1271.0 28.2042 28.3204 28.239 28.196
1272.0 28.204 28.3199 28.2385 28.1955
1273.0 28.2037 28.3193 28.2377 28.1952
1274.0 28.2035 28.3188 28.2372 28.1948
1275.0 28.2034 28.3184 28.2368 28.1946
1276.0 28.2032 28.3179 28.2368 28.1944
1277.0 28.203 28.3172 28.2363 28.1943
1278.0 28.2028 28.3165 28.2358 28.1941
1279.0 28.2027 28.3159 28.2352 28.1939
1280.0 28.2026 28.3153 28.235 28.1937
1281.0 28.2022 28.3144 28.2343 28.1937
1282.0 28.2021 28.314 28.2339 28.1934
1283.0 28.202 28.3132 28.2336 28.193
1284.0 28.2018 28.3128 28.233 28.1929
1285.0 28.2016 28.3122 28.2326 28.1926
1286.0 28.2016 28.3118 28.2321 28.1925
1287.0 28.2015 28.3112 28.2317 28.1925
1288.0 28.2013 28.3108 28.2315 28.1923
1289.0 28.201 28.3105 28.2313 28.1927
1290.0 28.2008 28.3099 28.2306 28.1924
1291.0 28.2007 28.3095 28.23 28.1922
1292.0 28.2004 28.3088 28.2295 28.1921
1293.0 28.2001 28.3081 28.2291 28.192
1294.0 28.1999 28.3075 28.2284 28.1919
1295.0 28.1995 28.3064 28.2278 28.1919
1296.0 28.1991 28.3059 28.2276 28.1919
1297.0 28.1988 28.3054 28.2273 28.1915
1298.0 28.1987 28.3046 28.227 28.1916
1299.0 28.1985 28.3042 28.2266 28.1912
1300.0 28.1988 28.3033 28.2262 28.1909
1301.0 28.1986 28.3029 28.2258 28.1908
1302.0 28.1986 28.302 28.2253 28.1906
1303.0 28.1983 28.3011 28.2249 28.1904
1304.0 28.1979 28.3006 28.2246 28.1899
1305.0 28.1977 28.3001 28.2243 28.1896
1306.0 28.1977 28.2995 28.2238 28.1894
1307.0 28.1977 28.299 28.2235 28.1894
1308.0 28.1976 28.2987 28.2226 28.1892
1309.0 28.1973 28.2981 28.2223 28.1889
1310.0 28.1973 28.2974 28.2221 28.1885
1311.0 28.1971 28.2968 28.2214 28.1883
1312.0 28.1973 28.296 28.2211 28.1879
1313.0 28.1972 28.2953 28.2209 28.1878
1314.0 28.197 28.2947 28.2206 28.1876
1315.0 28.1968 28.294 28.2201 28.1876
1316.0 28.1965 28.2937 28.2196 28.1873
1317.0 28.1962 28.293 28.2194 28.1871
1318.0 28.1963 28.2923 28.2195 28.1866
1319.0 28.1962 28.2915 28.2188 28.1862
1320.0 28.196 28.2908 28.2187 28.1859
1321.0 28.1957 28.2904 28.2181 28.1858
1322.0 28.1956 28.2899 28.218 28.1859
1323.0 28.1954 28.2893 28.2177 28.1857
1324.0 28.1954 28.2888 28.2173 28.1856
1325.0 28.1954 28.2877 28.2169 28.1854
1326.0 28.1953 28.2871 28.2166 28.1851
1327.0 28.1953 28.2865 28.2163 28.1848
1328.0 28.1952 28.2856 28.2162 28.1847
1329.0 28.1948 28.2853 28.2159 28.1845
1330.0 28.1943 28.2847 28.2154 28.1841
1331.0 28.1942 28.2842 28.2151 28.1842
1332.0 28.1941 28.2839 28.2148 28.184
1333.0 28.1937 28.2836 28.2144 28.1839
1334.0 28.1937 28.2831 28.2142 28.184
1335.0 28.1935 28.2829 28.2138 28.1839
1336.0 28.1936 28.2827 28.2137 28.1837
1337.0 28.193 28.2821 28.2134 28.1834
1338.0 28.1927 28.2818 28.2128 28.1832
1339.0 28.1924 28.2814 28.2125 28.1829
1340.0 28.1922 28.2807 28.2123 28.1829
1341.0 28.1922 28.2803 28.2117 28.183
1342.0 28.1919 28.28 28.2113 28.1827
1343.0 28.1922 28.2795 28.2109 28.1825
1344.0 28.1921 28.2792 28.2106 28.1821
1345.0 28.1916 28.2788 28.2101 28.1819
1346.0 28.1914 28.2784 28.2098 28.1819
1347.0 28.1912 28.278 28.2095 28.182
1348.0 28.1909 28.2777 28.2095 28.1818
1349.0 28.1906 28.2772 28.2093 28.1814
1350.0 28.1904 28.2767 28.2091 28.1813
1351.0 28.1904 28.2759 28.2087 28.1811
1352.0 28.1901 28.2756 28.2088 28.181
1353.0 28.19 28.275 28.2087 28.1809
1354.0 28.19 28.2745 28.2085 28.1806
1355.0 28.1897 28.2741 28.2082 28.1805
1356.0 28.1894 28.2737 28.2077 28.1807
1357.0 28.1894 28.2734 28.2074 28.1804
1358.0 28.1892 28.273 28.207 28.1804
1359.0 28.1891 28.2726 28.2068 28.1803
1360.0 28.1891 28.2719 28.2061 28.18
1361.0 28.1888 28.2715 28.2057 28.1801
1362.0 28.1888 28.271 28.2053 28.1802
1363.0 28.1885 28.2706 28.205 28.18
1364.0 28.1882 28.2701 28.2049 28.1802
1365.0 28.1881 28.2698 28.2045 28.18
1366.0 28.1879 28.2695 28.2043 28.1799
1367.0 28.1879 28.2689 28.2038 28.1798
1368.0 28.188 28.2686 28.2033 28.1798
1369.0 28.1876 28.2682 28.2029 28.1797
1370.0 28.1877 28.2676 28.2027 28.1795
1371.0 28.1873 28.2673 28.2023 28.1792
1372.0 28.1872 28.2665 28.2021 28.1794
1373.0 28.1868 28.2659 28.2017 28.1794
1374.0 28.1867 28.2658 28.2013 28.1792
1375.0 28.1868 28.2654 28.2009 28.1788
1376.0 28.1865 28.2651 28.2007 28.1782
1377.0 28.1859 28.2648 28.2003 28.1778
1378.0 28.1859 28.2642 28.1996 28.1774
1379.0 28.1857 28.2637 28.1994 28.1771
1380.0 28.1853 28.263 28.1989 28.177
1381.0 28.1854 28.2625 28.1987 28.1767
1382.0 28.1854 28.2617 28.1983 28.1766
1383.0 28.1853 28.2611 28.198 28.1764
1384.0 28.1854 28.2605 28.1977 28.1764
1385.0 28.185 28.2603 28.1975 28.1763
1386.0 28.185 28.2602 28.1974 28.1762
1387.0 28.1849 28.2598 28.1972 28.1759
1388.0 28.1847 28.2594 28.1965 28.176
1389.0 28.1844 28.2588 28.1963 28.1756
1390.0 28.1843 28.2584 28.1963 28.1756
1391.0 28.1844 28.258 28.1958 28.1754
1392.0 28.1844 28.2577 28.1953 28.1751
1393.0 28.1843 28.2573 28.1951 28.1747
1394.0 28.1842 28.2569 28.195 28.1745
1395.0 28.1843 28.2563 28.1946 28.1742
1396.0 28.1843 28.2556 28.1943 28.1741
1397.0 28.184 28.255 28.1941 28.1744
1398.0 28.1841 28.2546 28.1939 28.1741
1399.0 28.1838 28.2541 28.1938 28.1741
1400.0 28.1836 28.2537 28.1937 28.174
1401.0 28.1834 28.2533 28.1935 28.174
1402.0 28.1834 28.2531 28.1931 28.1738
1403.0 28.1829 28.253 28.1928 28.1734
1404.0 28.183 28.2526 28.193 28.1735
1405.0 28.1827 28.2521 28.1928 28.1736
1406.0 28.1827 28.2518 28.1922 28.1735
1407.0 28.1826 28.2517 28.192 28.1732
1408.0 28.1826 28.2514 28.192 28.1731
1409.0 28.1822 28.2511 28.1915 28.1729
1410.0 28.182 28.2506 28.1914 28.1724
1411.0 28.1819 28.2503 28.1911 28.1723
1412.0 28.1818 28.2496 28.1908 28.1724
1413.0 28.1813 28.2493 28.1903 28.1724
1414.0 28.1813 28.2489 28.1904 28.1725
1415.0 28.1816 28.2483 28.1902 28.172
1416.0 28.1815 28.248 28.1902 28.172
1417.0 28.1813 28.2477 28.1898 28.1721
1418.0 28.1809 28.2472 28.1894 28.1722
1419.0 28.1802 28.247 28.1893 28.1722
1420.0 28.1799 28.2464 28.1893 28.1722
1421.0 28.1797 28.2459 28.1889 28.1722
1422.0 28.1794 28.2457 28.1889 28.172
1423.0 28.1796 28.2455 28.1889 28.1717
1424.0 28.1796 28.2452 28.1889 28.1713
1425.0 28.1793 28.2447 28.1889 28.1712
1426.0 28.1791 28.2443 28.1884 28.1712
1427.0 28.1791 28.2439 28.1882 28.1709
1428.0 28.1791 28.2434 28.1881 28.1707
1429.0 28.1789 28.243 28.188 28.1704
1430.0 28.179 28.2423 28.1878 28.1703
1431.0 28.1786 28.2422 28.1875 28.1702
1432.0 28.1783 28.2418 28.1874 28.1703
1433.0 28.1781 28.2416 28.1876 28.1702
1434.0 28.1783 28.2414 28.1874 28.1701
1435.0 28.1781 28.2412 28.1871 28.1701
1436.0 28.1776 28.2406 28.187 28.1703
1437.0 28.1776 28.2404 28.187 28.1702
1438.0 28.1774 28.24 28.1868 28.1701
1439.0 28.1774 28.2399 28.1866 28.1698
1440.0 28.1773 28.2397 28.1864 28.1698
1441.0 28.1773 28.2392 28.1862 28.1697
1442.0 28.1768 28.2391 28.1862 28.1693
1443.0 28.1765 28.2389 28.1857 28.169
1444.0 28.1764 28.2382 28.1857 28.1689
1445.0 28.1763 28.2379 28.1856 28.1687
1446.0 28.1764 28.2376 28.1858 28.1688
1447.0 28.1764 28.2374 28.1857 28.1687
1448.0 28.1765 28.237 28.1855 28.1685
1449.0 28.176 28.2366 28.1851 28.1685
1450.0 28.1758 28.2363 28.1852 28.1683
1451.0 28.1759 28.236 28.1848 28.1683
1452.0 28.176 28.2356 28.1844 28.1681
1453.0 28.1758 28.2353 28.1843 28.168
1454.0 28.1759 28.235 28.1842 28.1679
1455.0 28.1758 28.2346 28.1843 28.1679
1456.0 28.1755 28.2344 28.1842 28.1679
1457.0 28.1754 28.2343 28.1838 28.1679
1458.0 28.1753 28.2339 28.1834 28.1674
1459.0 28.1752 28.2334 28.1834 28.1674
1460.0 28.175 28.2332 28.1833 28.1675
1461.0 28.1751 28.2327 28.1833 28.1674
1462.0 28.1749 28.2323 28.1831 28.1674
1463.0 28.1749 28.2319 28.1826 28.1671
1464.0 28.1746 28.2319 28.1825 28.1669
1465.0 28.1746 28.2316 28.1822 28.1668
1466.0 28.1745 28.2314 28.1821 28.1664
1467.0 28.1743 28.2313 28.182 28.1664
1468.0 28.174 28.2309 28.1821 28.1665
1469.0 28.1741 28.2306 28.1818 28.1665
1470.0 28.1741 28.23 28.1817 28.1665
1471.0 28.1738 28.2295 28.1815 28.1665
1472.0 28.1736 28.2291 28.181 28.1665
1473.0 28.1734 28.2288 28.181 28.1667
1474.0 28.1733 28.2286 28.1808 28.1664
1475.0 28.1732 28.2283 28.1803 28.1666
1476.0 28.1732 28.2281 28.18 28.1662
1477.0 28.1731 28.2279 28.1797 28.1663
1478.0 28.173 28.2275 28.1795 28.166
1479.0 28.173 28.2276 28.1796 28.1657
1480.0 28.1728 28.2275 28.1793 28.1659
1481.0 28.1728 28.2273 28.1789 28.166
1482.0 28.1728 28.2271 28.1789 28.1657
1483.0 28.1729 28.2267 28.1787 28.1656
1484.0 28.1727 28.2265 28.1784 28.1655
1485.0 28.1726 28.2262 28.1782 28.1653
1486.0 28.1726 28.2256 28.1778 28.165
1487.0 28.1723 28.2249 28.1777 28.1649
1488.0 28.1721 28.2244 28.1775 28.1647
1489.0 28.1718 28.2241 28.1775 28.1648
1490.0 28.1717 28.224 28.177 28.1646
1491.0 28.1715 28.2237 28.1767 28.1644
1492.0 28.1717 28.2233 28.1762 28.1642
1493.0 28.1715 28.2231 28.176 28.164
1494.0 28.1715 28.2227 28.1759 28.1639
1495.0 28.1712 28.2226 28.1759 28.1638
1496.0 28.1709 28.2223 28.1757 28.1637
1497.0 28.1711 28.2219 28.1755 28.1634
1498.0 28.1707 28.2217 28.1754 28.1631
1499.0 28.1706 28.2216 28.1752 28.1628
1500.0 28.1705 28.2214 28.175 28.1631
1501.0 28.1702 28.2209 28.175 28.1629
1502.0 28.1702 28.2205 28.1751 28.1626
1503.0 28.1702 28.2201 28.175 28.1629
1504.0 28.1702 28.2199 28.175 28.1627
1505.0 28.1698 28.2195 28.1752 28.1624
1506.0 28.1698 28.2189 28.1752 28.1621
1507.0 28.1697 28.2188 28.175 28.1621
1508.0 28.1692 28.2186 28.1747 28.1617
1509.0 28.1687 28.2184 28.1747 28.1616
1510.0 28.1687 28.2183 28.1744 28.1612
1511.0 28.1685 28.2178 28.174 28.1608
1512.0 28.1686 28.2173 28.1739 28.1607
1513.0 28.1686 28.2169 28.1737 28.1607
1514.0 28.1685 28.2169 28.1735 28.161
1515.0 28.1685 28.2163 28.1733 28.1608
1516.0 28.1688 28.216 28.1733 28.1608
1517.0 28.169 28.2161 28.173 28.1609
1518.0 28.1692 28.2159 28.1729 28.1607
1519.0 28.1691 28.2154 28.1724 28.1605
1520.0 28.1689 28.2151 28.1725 28.1603
1521.0 28.1685 28.2147 28.1724 28.1601
1522.0 28.1683 28.2145 28.1719 28.1601
1523.0 28.1678 28.2146 28.1718 28.1596
1524.0 28.1676 28.2142 28.1709 28.1596
1525.0 28.1673 28.214 28.1709 28.1596
1526.0 28.1675 28.2135 28.1707 28.1596
1527.0 28.1673 28.2131 28.1709 28.1596
1528.0 28.1673 28.2129 28.1706 28.1595
1529.0 28.1671 28.2127 28.1701 28.1594
1530.0 28.1672 28.2126 28.1698 28.1589
1531.0 28.1669 28.2121 28.1696 28.1589
1532.0 28.1667 28.212 28.1693 28.1585
1533.0 28.1667 28.2116 28.1694 28.1581
1534.0 28.1668 28.2112 28.1691 28.158
1535.0 28.1666 28.2111 28.1689 28.158
1536.0 28.1667 28.2108 28.1687 28.1579
1537.0 28.1665 28.2103 28.1686 28.1574
1538.0 28.1665 28.2098 28.1686 28.1574
1539.0 28.1664 28.2096 28.1685 28.1574
1540.0 28.1665 28.2094 28.1681 28.1574
1541.0 28.1663 28.209 28.1682 28.1571
1542.0 28.1661 28.2084 28.1677 28.1574
1543.0 28.1656 28.2084 28.1672 28.157
1544.0 28.1654 28.2082 28.1674 28.157
1545.0 28.1654 28.2079 28.1672 28.1572
1546.0 28.1655 28.2077 28.167 28.1571
1547.0 28.1657 28.2078 28.1666 28.1571
1548.0 28.1655 28.2076 28.1665 28.157
1549.0 28.1656 28.2074 28.1665 28.1566
1550.0 28.1654 28.2071 28.1664 28.1565
1551.0 28.1653 28.2068 28.1663 28.1562
1552.0 28.1652 28.2066 28.1663 28.1562
1553.0 28.165 28.2061 28.1661 28.1561
1554.0 28.165 28.2059 28.1661 28.1561
1555.0 28.1648 28.2057 28.1661 28.1558
1556.0 28.1647 28.2056 28.1655 28.1558
1557.0 28.1646 28.2056 28.1653 28.1556
1558.0 28.1645 28.2055 28.1653 28.1554
1559.0 28.1645 28.2052 28.1652 28.1555
1560.0 28.1642 28.2051 28.1654 28.1556
1561.0 28.164 28.2049 28.1653 28.1556
1562.0 28.1642 28.2046 28.1654 28.1557
1563.0 28.164 28.2046 28.1654 28.1559
1564.0 28.164 28.2043 28.1651 28.156
1565.0 28.164 28.2045 28.1652 28.1562
1566.0 28.164 28.2043 28.1645 28.1562
1567.0 28.164 28.2042 28.1645 28.1566
1568.0 28.1639 28.2042 28.1642 28.1567
1569.0 28.1637 28.2038 28.1639 28.1568
1570.0 28.1635 28.2037 28.164 28.1568
1571.0 28.1636 28.2037 28.1636 28.1568
1572.0 28.1635 28.2036 28.1636 28.1568
1573.0 28.1634 28.2031 28.1635 28.1566
1574.0 28.1632 28.203 28.1634 28.1565
1575.0 28.1632 28.2026 28.1629 28.1564
1576.0 28.1632 28.2024 28.1628 28.1565
1577.0 28.1628 28.2022 28.1629 28.1563
1578.0 28.1628 28.202 28.1628 28.1564
1579.0 28.1626 28.202 28.1624 28.1562
1580.0 28.1626 28.2018 28.1623 28.1561
1581.0 28.1624 28.2014 28.1619 28.1559
1582.0 28.1626 28.201 28.1618 28.1556
1583.0 28.1626 28.2008 28.1615 28.1554
1584.0 28.1628 28.2007 28.1615 28.1556
1585.0 28.163 28.2006 28.1613 28.1556
1586.0 28.1628 28.2002 28.1613 28.1557
1587.0 28.1624 28.2001 28.1613 28.1556
1588.0 28.162 28.1996 28.1612 28.1553
1589.0 28.1619 28.1993 28.1612 28.1553
1590.0 28.1618 28.199 28.161 28.1555
1591.0 28.1618 28.1989 28.1606 28.1555
1592.0 28.1618 28.1985 28.1606 28.1555
1593.0 28.1616 28.1984 28.1606 28.1554
1594.0 28.1615 28.1984 28.1605 28.1552
1595.0 28.1614 28.1982 28.1606 28.1552
1596.0 28.1612 28.198 28.1604 28.1551
1597.0 28.1611 28.1976 28.16 28.1551
1598.0 28.1609 28.1972 28.1599 28.1553
1599.0 28.1607 28.1971 28.1596 28.1552
1600.0 28.1608 28.1969 28.1596 28.155
1601.0 28.1608 28.1965 28.1592 28.155
1602.0 28.1607 28.1965 28.159 28.1552
1603.0 28.1606 28.1963 28.1588 28.155
1604.0 28.1604 28.196 28.1587 28.1551
1605.0 28.1604 28.1959 28.1587 28.1552
1606.0 28.16 28.1955 28.1584 28.1552
1607.0 28.16 28.1952 28.1582 28.1553
1608.0 28.1598 28.1951 28.1582 28.1552
1609.0 28.1595 28.1949 28.1581 28.1549
1610.0 28.1594 28.1948 28.1581 28.1547
1611.0 28.1594 28.1946 28.1582 28.1549
1612.0 28.1594 28.1943 28.1582 28.1551
1613.0 28.1595 28.1942 28.1581 28.1548
1614.0 28.1595 28.1941 28.1577 28.1547
1615.0 28.1592 28.194 28.1576 28.1551
1616.0 28.1592 28.1937 28.1575 28.1551
1617.0 28.159 28.1938 28.1572 28.1548
1618.0 28.1592 28.1933 28.157 28.1551
1619.0 28.1592 28.1932 28.157 28.1551
1620.0 28.1594 28.1929 28.1567 28.1551
1621.0 28.1594 28.1929 28.1565 28.1551
1622.0 28.1594 28.193 28.1564 28.155
1623.0 28.1592 28.1928 28.1564 28.1549
1624.0 28.159 28.1928 28.1564 28.1545
1625.0 28.159 28.1926 28.1565 28.1547
1626.0 28.159 28.1924 28.1565 28.1545
1627.0 28.1589 28.1918 28.1565 28.1545
1628.0 28.1587 28.1915 28.1566 28.1546
1629.0 28.1583 28.1909 28.1564 28.1545
1630.0 28.1584 28.1906 28.1563 28.1547
1631.0 28.1584 28.1905 28.1562 28.1548
1632.0 28.1583 28.1901 28.1564 28.1548
1633.0 28.1584 28.19 28.1562 28.1546
1634.0 28.1581 28.1898 28.156 28.1549
1635.0 28.1581 28.1896 28.1562 28.1547
1636.0 28.1582 28.1894 28.156 28.1548
1637.0 28.1585 28.1892 28.1559 28.1546
1638.0 28.1584 28.189 28.1559 28.1549
1639.0 28.1584 28.1889 28.1557 28.155
1640.0 28.1584 28.1886 28.1558 28.1551
1641.0 28.1581 28.1883 28.1559 28.155
1642.0 28.1578 28.188 28.1558 28.1551
1643.0 28.1577 28.1878 28.1556 28.1549
1644.0 28.1576 28.1877 28.1556 28.1548
1645.0 28.1575 28.1878 28.1555 28.1547
1646.0 28.1574 28.1877 28.1556 28.1544
1647.0 28.1576 28.187 28.1554 28.1545
1648.0 28.1576 28.187 28.1556 28.1543
1649.0 28.1574 28.1867 28.1555 28.1543
1650.0 28.1574 28.1863 28.1555 28.1543
1651.0 28.1576 28.1862 28.1554 28.1542
1652.0 28.1573 28.1864 28.1553 28.1543
1653.0 28.1568 28.1865 28.155 28.1543
1654.0 28.1565 28.1864 28.1549 28.1541
1655.0 28.1565 28.1861 28.1548 28.154
1656.0 28.1562 28.1861 28.1548 28.1542
1657.0 28.156 28.1859 28.1548 28.1538
1658.0 28.1557 28.1855 28.1546 28.1538
1659.0 28.1561 28.1852 28.1541 28.1534
1660.0 28.1562 28.1851 28.1542 28.1532
1661.0 28.1562 28.1849 28.1541 28.1531
1662.0 28.1562 28.1847 28.1543 28.153
1663.0 28.1562 28.1845 28.1544 28.1529
1664.0 28.1562 28.1841 28.1543 28.1524
1665.0 28.1562 28.1842 28.1541 28.1525
1666.0 28.1563 28.1843 28.1541 28.1523
1667.0 28.1563 28.1841 28.1542 28.1525
1668.0 28.1564 28.1839 28.1544 28.1526
1669.0 28.1564 28.1838 28.1546 28.1524
1670.0 28.156 28.1834 28.1548 28.1525
1671.0 28.156 28.1833 28.1546 28.1527
1672.0 28.1558 28.183 28.1547 28.1524
1673.0 28.1558 28.1832 28.1548 28.1523
1674.0 28.156 28.183 28.1548 28.1523
1675.0 28.156 28.1828 28.1547 28.1523
1676.0 28.1561 28.1824 28.1545 28.1522
1677.0 28.1561 28.1821 28.1548 28.1522
1678.0 28.1559 28.1818 28.1546 28.1522
1679.0 28.1558 28.1817 28.1544 28.1525
1680.0 28.1557 28.1817 28.1544 28.1529
1681.0 28.156 28.1812 28.1544 28.1527
1682.0 28.1561 28.1812 28.1539 28.1526
1683.0 28.1559 28.1809 28.154 28.1528
1684.0 28.156 28.1804 28.1539 28.1526
1685.0 28.1558 28.1802 28.1538 28.1528
1686.0 28.1558 28.1803 28.1539 28.1527
1687.0 28.1556 28.1802 28.1539 28.1531
1688.0 28.1552 28.1802 28.1538 28.153
1689.0 28.1551 28.1799 28.1538 28.153
1690.0 28.1554 28.1797 28.1536 28.1532
1691.0 28.1556 28.1798 28.1535 28.1531
1692.0 28.1556 28.1795 28.1534 28.153
1693.0 28.1554 28.1794 28.1538 28.1531
1694.0 28.1553 28.1791 28.154 28.1529
1695.0 28.1552 28.1787 28.1537 28.1527
1696.0 28.155 28.1787 28.1536 28.1529
1697.0 28.155 28.1788 28.1541 28.1529
1698.0 28.155 28.1785 28.1542 28.1527
1699.0 28.1549 28.1785 28.154 28.1527
1700.0 28.1549 28.1784 28.1539 28.1527
1701.0 28.1547 28.1783 28.1539 28.1529
1702.0 28.155 28.1782 28.1538 28.1526
1703.0 28.1549 28.1783 28.1535 28.1528
1704.0 28.1552 28.1782 28.1535 28.1529
1705.0 28.1549 28.1779 28.1535 28.153
1706.0 28.1551 28.1782 28.1536 28.1531
1707.0 28.155 28.178 28.1535 28.1528
1708.0 28.1549 28.1779 28.1535 28.1529
1709.0 28.1547 28.1778 28.1537 28.1527
1710.0 28.1547 28.1778 28.1533 28.1526
1711.0 28.1544 28.1776 28.1531 28.1524
1712.0 28.1543 28.1773 28.1527 28.1522
1713.0 28.1543 28.1769 28.1524 28.1521
1714.0 28.1542 28.1766 28.1524 28.1522
1715.0 28.154 28.1765 28.1521 28.1518
1716.0 28.154 28.1766 28.1516 28.1517
1717.0 28.1538 28.1765 28.1516 28.1518
1718.0 28.1535 28.1765 28.1516 28.1516
1719.0 28.1535 28.1765 28.1515 28.1518
1720.0 28.1533 28.1768 28.1517 28.152
1721.0 28.1532 28.1767 28.1515 28.1521
1722.0 28.1534 28.1764 28.1513 28.1518
1723.0 28.1534 28.1763 28.1513 28.1518
1724.0 28.1536 28.1761 28.1512 28.1516
1725.0 28.1533 28.176 28.1512 28.1516
1726.0 28.153 28.1762 28.151 28.1519
1727.0 28.1528 28.1758 28.1511 28.1517
1728.0 28.1527 28.1755 28.1512 28.1517
1729.0 28.1523 28.1755 28.151 28.152
1730.0 28.1521 28.1756 28.1509 28.1517
1731.0 28.152 28.1755 28.1507 28.1517
1732.0 28.152 28.1751 28.1507 28.1519
1733.0 28.1521 28.1751 28.1507 28.1517
1734.0 28.1521 28.1749 28.1506 28.1516
1735.0 28.152 28.1748 28.1503 28.1515
1736.0 28.1519 28.1749 28.1504 28.1516
1737.0 28.1521 28.1747 28.1501 28.1517
1738.0 28.1518 28.1746 28.1499 28.1516
1739.0 28.1516 28.1746 28.1499 28.1515
1740.0 28.1514 28.1745 28.1498 28.1514
1741.0 28.1515 28.1742 28.15 28.1511
1742.0 28.1514 28.1743 28.1496 28.151
1743.0 28.151 28.1742 28.1493 28.1508
1744.0 28.1509 28.1738 28.1491 28.1509
1745.0 28.1508 28.1736 28.1492 28.1507
1746.0 28.1505 28.1734 28.1492 28.1508
1747.0 28.1504 28.173 28.1489 28.1505
1748.0 28.1501 28.1726 28.149 28.1503
1749.0 28.1502 28.1725 28.1492 28.1505
1750.0 28.1504 28.1724 28.1495 28.1504
1751.0 28.1507 28.1724 28.1493 28.1505
1752.0 28.1507 28.172 28.1492 28.1504
1753.0 28.1507 28.172 28.1491 28.1502
1754.0 28.1503 28.1715 28.1491 28.1503
1755.0 28.1501 28.1714 28.1492 28.1502
1756.0 28.1501 28.1714 28.149 28.1501
1757.0 28.15 28.1713 28.1489 28.1498
1758.0 28.1499 28.1712 28.1485 28.1497
1759.0 28.1496 28.1713 28.1488 28.1495
1760.0 28.1495 28.1713 28.1488 28.1495
1761.0 28.1495 28.1714 28.1487 28.1497
1762.0 28.1493 28.1711 28.1488 28.1496
1763.0 28.1492 28.1708 28.1487 28.1495
1764.0 28.1493 28.1704 28.1487 28.1494
1765.0 28.1495 28.1705 28.1484 28.1494
1766.0 28.1494 28.1701 28.1483 28.1495
1767.0 28.1493 28.1701 28.1481 28.1496
1768.0 28.1492 28.1702 28.1482 28.1494
1769.0 28.149 28.1701 28.1482 28.1494
1770.0 28.1493 28.17 28.1481 28.1493
1771.0 28.1491 28.17 28.1481 28.1495
1772.0 28.149 28.1699 28.1479 28.1497
1773.0 28.1492 28.1694 28.1475 28.1494
1774.0 28.1491 28.1692 28.1479 28.1495
1775.0 28.1493 28.1689 28.1482 28.1493
1776.0 28.149 28.1688 28.1482 28.1491
1777.0 28.1491 28.1687 28.1483 28.1489
1778.0 28.149 28.1689 28.148 28.149
1779.0 28.1487 28.1687 28.1479 28.149
1780.0 28.148 28.1684 28.1478 28.1491
1781.0 28.148 28.1682 28.1478 28.1489
1782.0 28.148 28.1678 28.1476 28.149
1783.0 28.1483 28.1678 28.1477 28.1489
1784.0 28.1483 28.1676 28.1477 28.149
1785.0 28.1483 28.1674 28.1478 28.1491
1786.0 28.1483 28.1671 28.1476 28.1491
1787.0 28.1484 28.1671 28.1478 28.149
1788.0 28.1487 28.1669 28.1477 28.1491
1789.0 28.1486 28.1669 28.1477 28.1492
1790.0 28.1485 28.1666 28.1476 28.149
1791.0 28.1484 28.1667 28.1477 28.1491
1792.0 28.1483 28.1667 28.148 28.1488
1793.0 28.1482 28.1664 28.148 28.1487
1794.0 28.1483 28.1666 28.1481 28.1483
1795.0 28.1483 28.1665 28.1482 28.1481
1796.0 28.1482 28.1664 28.1479 28.1481
1797.0 28.1482 28.1664 28.1479 28.148
1798.0 28.1479 28.1664 28.1479 28.148
1799.0 28.1478 28.1661 28.1478 28.1477
1800.0 28.1479 28.1657 28.1481 28.1476
1801.0 28.1479 28.1654 28.1483 28.1476
1802.0 28.1479 28.1654 28.1484 28.1476
1803.0 28.1479 28.1653 28.1484 28.1474
1804.0 28.1483 28.1649 28.1481 28.1474
1805.0 28.1483 28.1648 28.1481 28.1474
1806.0 28.1482 28.1645 28.1478 28.1472
1807.0 28.1481 28.1645 28.1475 28.1471
1808.0 28.1484 28.1643 28.1476 28.1469
1809.0 28.1482 28.1642 28.1478 28.1468
1810.0 28.1481 28.164 28.1481 28.1467
1811.0 28.1481 28.1639 28.1477 28.1468
1812.0 28.1484 28.1634 28.1478 28.1467
1813.0 28.148 28.1637 28.1478 28.1469
1814.0 28.148 28.1635 28.1479 28.1469
1815.0 28.1479 28.1633 28.1474 28.1469
1816.0 28.148 28.1633 28.1474 28.1468
1817.0 28.1478 28.1631 28.1478 28.1468
1818.0 28.1479 28.1629 28.1476 28.1466
1819.0 28.148 28.1624 28.1475 28.1467
1820.0 28.1479 28.1624 28.1474 28.1466
1821.0 28.1478 28.1624 28.1474 28.1463
1822.0 28.1477 28.1624 28.1474 28.1464
1823.0 28.1478 28.1622 28.1474 28.1464
1824.0 28.1478 28.162 28.1475 28.1465
1825.0 28.1477 28.1618 28.1475 28.1465
1826.0 28.1477 28.1617 28.1476 28.1464
1827.0 28.1477 28.1617 28.1477 28.1463
1828.0 28.1476 28.1616 28.1474 28.1458
1829.0 28.1476 28.1617 28.1469 28.1459
1830.0 28.1476 28.1616 28.1469 28.1459
1831.0 28.1477 28.1615 28.147 28.1464
1832.0 28.1479 28.1615 28.147 28.1462
1833.0 28.1481 28.1614 28.1467 28.1461
1834.0 28.1483 28.1612 28.1467 28.1461
1835.0 28.1483 28.1611 28.1463 28.1459
1836.0 28.1483 28.1609 28.1465 28.1458
1837.0 28.1482 28.1607 28.1465 28.1459
1838.0 28.1483 28.1606 28.1467 28.1458
1839.0 28.1485 28.1606 28.1465 28.1458
1840.0 28.1483 28.1606 28.1466 28.1455
1841.0 28.148 28.1607 28.1465 28.1457
1842.0 28.1476 28.1608 28.1469 28.1456
1843.0 28.1475 28.1608 28.1466 28.1457
1844.0 28.1473 28.1607 28.1467 28.1453
1845.0 28.147 28.1605 28.1467 28.1454
1846.0 28.1468 28.1603 28.1469 28.1457
1847.0 28.1462 28.1602 28.147 28.1458
1848.0 28.1461 28.1602 28.1468 28.1456
1849.0 28.1458 28.1601 28.147 28.1452
1850.0 28.1457 28.16 28.1466 28.1451
1851.0 28.1454 28.1602 28.1463 28.1451
1852.0 28.1454 28.1599 28.1463 28.145
1853.0 28.1455 28.1599 28.1463 28.1448
1854.0 28.146 28.1599 28.1464 28.1449
1855.0 28.1461 28.1599 28.1464 28.1451
1856.0 28.1459 28.1596 28.1462 28.1451
1857.0 28.1457 28.1595 28.1462 28.145
1858.0 28.1456 28.1596 28.1461 28.145
1859.0 28.1455 28.1594 28.1462 28.1451
1860.0 28.1452 28.1591 28.1461 28.145
1861.0 28.1451 28.159 28.1463 28.1449
1862.0 28.145 28.1588 28.1462 28.1449
1863.0 28.1454 28.1588 28.1463 28.1449
1864.0 28.1452 28.1586 28.1464 28.1446
1865.0 28.1451 28.1587 28.1467 28.1444
1866.0 28.1452 28.1584 28.1467 28.1447
1867.0 28.1449 28.1584 28.1465 28.1443
1868.0 28.145 28.1583 28.1464 28.1441
1869.0 28.145 28.1582 28.1467 28.1442
1870.0 28.1449 28.1581 28.1463 28.1443
1871.0 28.1451 28.1578 28.1464 28.1445
1872.0 28.1448 28.1579 28.1462 28.1446
1873.0 28.1452 28.1578 28.146 28.1447
1874.0 28.1448 28.1578 28.1459 28.1447
1875.0 28.1452 28.1576 28.1458 28.1451
1876.0 28.1451 28.1577 28.1454 28.1451
1877.0 28.145 28.1579 28.1455 28.1449
1878.0 28.1448 28.1579 28.1457 28.145
1879.0 28.1446 28.1578 28.1456 28.145
1880.0 28.1445 28.1577 28.1455 28.1451
1881.0 28.1443 28.1575 28.1456 28.1447
1882.0 28.1444 28.1573 28.1456 28.1447
1883.0 28.1443 28.1576 28.1457 28.1443
1884.0 28.1444 28.1573 28.1458 28.1444
1885.0 28.1444 28.1574 28.1457 28.1444
1886.0 28.1445 28.1574 28.1458 28.1445
1887.0 28.1445 28.1575 28.146 28.1447
1888.0 28.1443 28.1574 28.1463 28.1448
1889.0 28.1444 28.1575 28.1462 28.145
1890.0 28.1445 28.1579 28.1461 28.1452
1891.0 28.1446 28.158 28.146 28.145
1892.0 28.1444 28.1578 28.1459 28.1451
1893.0 28.1445 28.1577 28.146 28.1447
1894.0 28.1445 28.1578 28.146 28.1446
1895.0 28.1443 28.1578 28.1459 28.1445
1896.0 28.144 28.1574 28.146 28.1446
1897.0 28.1444 28.1575 28.1458 28.1448
1898.0 28.1443 28.1574 28.146 28.1448
1899.0 28.1443 28.1572 28.1458 28.1448
1900.0 28.1441 28.157 28.1458 28.1448
1901.0 28.1442 28.1569 28.146 28.1452
1902.0 28.1443 28.1568 28.1461 28.1454
1903.0 28.1442 28.1567 28.1461 28.1451
1904.0 28.1441 28.1565 28.1461 28.1453
1905.0 28.1439 28.1563 28.1462 28.1452
1906.0 28.1439 28.1564 28.1462 28.1454
1907.0 28.1441 28.1564 28.1461 28.1455
1908.0 28.1443 28.1563 28.1463 28.1457
1909.0 28.1441 28.1561 28.1465 28.1456
1910.0 28.1436 28.1563 28.1464 28.1454
1911.0 28.1438 28.1562 28.146 28.1454
1912.0 28.1438 28.1562 28.1462 28.1453
1913.0 28.1437 28.1561 28.1463 28.1456
1914.0 28.1435 28.1562 28.1461 28.1455
1915.0 28.1434 28.156 28.1462 28.1456
1916.0 28.1436 28.156 28.1464 28.1456
1917.0 28.1437 28.1562 28.1465 28.1458
1918.0 28.1436 28.1561 28.1464 28.146
1919.0 28.1435 28.1559 28.1462 28.1458
1920.0 28.1435 28.1556 28.146 28.1458
1921.0 28.1432 28.1553 28.1459 28.1458
1922.0 28.143 28.1555 28.1459 28.1458
1923.0 28.1429 28.1555 28.1457 28.1457
1924.0 28.143 28.1555 28.1457 28.1458
1925.0 28.143 28.1557 28.1455 28.1461
1926.0 28.1433 28.1553 28.1455 28.1459
1927.0 28.1435 28.1553 28.1453 28.1456
1928.0 28.1438 28.1554 28.1454 28.1456
1929.0 28.1435 28.1549 28.145 28.1457
1930.0 28.1434 28.1548 28.1448 28.1459
1931.0 28.1436 28.1549 28.1452 28.1459
1932.0 28.1436 28.155 28.1451 28.1457
1933.0 28.1438 28.1548 28.1455 28.1457
1934.0 28.1439 28.155 28.1454 28.1456
1935.0 28.1441 28.1548 28.1453 28.1456
1936.0 28.1442 28.1548 28.1454 28.1456
1937.0 28.1446 28.1547 28.1453 28.1458
1938.0 28.1443 28.1545 28.1453 28.1457
1939.0 28.1442 28.1543 28.1456 28.1455
1940.0 28.1441 28.1541 28.1456 28.1455
1941.0 28.1441 28.1538 28.1455 28.1453
1942.0 28.1442 28.1538 28.1455 28.1456
1943.0 28.1444 28.1542 28.1453 28.1459
1944.0 28.1444 28.1543 28.1453 28.1458
1945.0 28.1441 28.1543 28.1454 28.1455
1946.0 28.1439 28.1541 28.145 28.1453
1947.0 28.1439 28.154 28.145 28.1455
1948.0 28.1438 28.1539 28.145 28.1457
1949.0 28.1436 28.154 28.1452 28.1457
1950.0 28.1435 28.154 28.1455 28.1458
1951.0 28.1433 28.1541 28.145 28.1459
1952.0 28.1429 28.1541 28.1445 28.1461
1953.0 28.1433 28.154 28.1446 28.1464
1954.0 28.1435 28.1543 28.1442 28.1465
1955.0 28.1436 28.1543 28.1442 28.1463
1956.0 28.1437 28.1544 28.1441 28.1461
1957.0 28.1438 28.1542 28.1441 28.1458
1958.0 28.1435 28.1541 28.1437 28.1457
1959.0 28.1437 28.154 28.1437 28.1458
1960.0 28.1437 28.154 28.1434 28.1458
1961.0 28.1438 28.1537 28.1434 28.1459
1962.0 28.1439 28.1538 28.1436 28.1457
1963.0 28.1439 28.1538 28.1434 28.1458
1964.0 28.144 28.1537 28.1434 28.146
1965.0 28.1441 28.1537 28.1435 28.1459
1966.0 28.1441 28.1538 28.1434 28.1463
1967.0 28.144 28.1536 28.1434 28.1465
1968.0 28.1439 28.1538 28.1433 28.1464
1969.0 28.144 28.1536 28.1432 28.1464
1970.0 28.1441 28.1536 28.1432 28.1462
1971.0 28.1439 28.1536 28.1434 28.1461
1972.0 28.1439 28.1535 28.1435 28.1459
1973.0 28.144 28.1534 28.1434 28.1457
1974.0 28.1441 28.1532 28.1435 28.1457
1975.0 28.1443 28.1532 28.1434 28.1456
1976.0 28.1442 28.1529 28.1438 28.1454
1977.0 28.1441 28.1531 28.1441 28.1454
1978.0 28.144 28.153 28.1439 28.1451
1979.0 28.1441 28.1529 28.1437 28.1448
1980.0 28.144 28.1528 28.1438 28.1449
1981.0 28.1439 28.1525 28.1436 28.1448
1982.0 28.144 28.1524 28.1436 28.1447
1983.0 28.1439 28.1522 28.1436 28.1447
1984.0 28.144 28.1523 28.1436 28.1449
1985.0 28.1438 28.1522 28.1436 28.145
1986.0 28.1436 28.1523 28.1437 28.1447
1987.0 28.1436 28.1522 28.144 28.1447
1988.0 28.1434 28.152 28.144 28.1446
1989.0 28.1434 28.1521 28.1441 28.1447
1990.0 28.1434 28.1519 28.1443 28.1448
1991.0 28.1433 28.1521 28.1444 28.1449
1992.0 28.1433 28.1525 28.1441 28.1449
1993.0 28.1434 28.1525 28.1441 28.1452
1994.0 28.1438 28.1524 28.144 28.1455
1995.0 28.1438 28.1524 28.1439 28.1456
1996.0 28.1442 28.1526 28.1436 28.1461
1997.0 28.1443 28.1525 28.1434 28.1459
1998.0 28.1443 28.1521 28.1432 28.1457
1999.0 28.1443 28.1518 28.1433 28.1456
2000.0 28.1444 28.1517 28.1433 28.1459
2001.0 28.1447 28.1517 28.1431 28.1459
2002.0 28.1446 28.1516 28.1432 28.1461
2003.0 28.1443 28.1512 28.1431 28.1459
2004.0 28.1443 28.1511 28.1431 28.146
2005.0 28.1445 28.1511 28.1431 28.1459
2006.0 28.1445 28.1506 28.143 28.1458
2007.0 28.1447 28.1505 28.1429 28.1461
2008.0 28.1444 28.1505 28.1429 28.1459
2009.0 28.1447 28.1504 28.1428 28.146
2010.0 28.1445 28.1503 28.1428 28.1461
2011.0 28.1445 28.1502 28.1426 28.146
2012.0 28.1442 28.15 28.1428 28.1459
2013.0 28.1439 28.15 28.1428 28.1455
2014.0 28.1439 28.1496 28.1428 28.1451
2015.0 28.1438 28.1496 28.1428 28.1452
2016.0 28.1439 28.1493 28.1427 28.1451
2017.0 28.1439 28.1492 28.1425 28.1457
2018.0 28.1439 28.1493 28.1427 28.1456
2019.0 28.144 28.1491 28.1428 28.1455
2020.0 28.1439 28.149 28.1426 28.1455
2021.0 28.1439 28.1488 28.1427 28.1458
2022.0 28.1439 28.1488 28.1422 28.1456
2023.0 28.1442 28.1491 28.1423 28.1455
2024.0 28.1442 28.1491 28.1423 28.1455
2025.0 28.144 28.1491 28.1421 28.1456
2026.0 28.1439 28.1491 28.1423 28.1454
2027.0 28.1441 28.1492 28.1422 28.1454
2028.0 28.1442 28.1493 28.1421 28.1453
2029.0 28.1442 28.1495 28.1419 28.1454
2030.0 28.1438 28.1495 28.1419 28.1454
2031.0 28.1439 28.1496 28.1417 28.1458
2032.0 28.1438 28.1496 28.1415 28.146
2033.0 28.1439 28.1493 28.1416 28.146
2034.0 28.1439 28.1493 28.1415 28.1461
2035.0 28.1436 28.1493 28.1413 28.146
2036.0 28.1432 28.1495 28.1413 28.146
2037.0 28.1431 28.1495 28.1414 28.146
2038.0 28.1429 28.1496 28.1414 28.1461
2039.0 28.1431 28.1499 28.1414 28.1458
2040.0 28.1431 28.1501 28.1412 28.1458
2041.0 28.1427 28.1499 28.141 28.1458
2042.0 28.1428 28.1501 28.1409 28.1457
2043.0 28.143 28.1503 28.1406 28.1457
2044.0 28.143 28.1505 28.1406 28.1455
2045.0 28.1428 28.1506 28.1405 28.1452
2046.0 28.1428 28.1509 28.1408 28.1454
2047.0 28.1428 28.1505 28.141 28.1457
2048.0 28.1428 28.1506 28.141 28.1454
2049.0 28.1427 28.1509 28.1411 28.1452
2050.0 28.1426 28.1508 28.1409 28.145
2051.0 28.1426 28.1505 28.1407 28.1446
2052.0 28.1428 28.1505 28.1406 28.1447
2053.0 28.1432 28.1508 28.1406 28.1444
2054.0 28.1432 28.1509 28.1405 28.1445
2055.0 28.1431 28.1509 28.1404 28.1444
2056.0 28.1429 28.1509 28.1402 28.1443
2057.0 28.143 28.1511 28.1402 28.1442
2058.0 28.1429 28.151 28.1401 28.144
2059.0 28.1429 28.1513 28.1399 28.1438
2060.0 28.1429 28.1513 28.1401 28.1435
2061.0 28.143 28.1515 28.1402 28.1435
2062.0 28.1428 28.1513 28.1403 28.1434
2063.0 28.1427 28.1515 28.1404 28.143
2064.0 28.1426 28.1517 28.1402 28.1431
2065.0 28.1426 28.1515 28.1401 28.1431
2066.0 28.1426 28.1518 28.1402 28.1432
2067.0 28.1427 28.1518 28.1404 28.1434
2068.0 28.1429 28.1516 28.1402 28.1431
2069.0 28.143 28.1515 28.1402 28.143
2070.0 28.1429 28.1514 28.1403 28.1428
2071.0 28.1429 28.151 28.1402 28.1426
2072.0 28.143 28.1509 28.1403 28.1425
2073.0 28.1432 28.1506 28.1403 28.1428
2074.0 28.1429 28.151 28.1401 28.1429
2075.0 28.1429 28.1509 28.1401 28.1432
2076.0 28.1429 28.1511 28.1399 28.1432
2077.0 28.1428 28.1511 28.1395 28.143
2078.0 28.1426 28.1508 28.1397 28.1432
2079.0 28.1428 28.1507 28.1396 28.1433
2080.0 28.1427 28.1507 28.1393 28.1437
2081.0 28.1428 28.1507 28.1395 28.1435
2082.0 28.1431 28.1508 28.1396 28.1437
2083.0 28.1431 28.1507 28.1397 28.1436
2084.0 28.1427 28.1507 28.1401 28.1434
2085.0 28.1427 28.1506 28.1403 28.1431
2086.0 28.1428 28.1504 28.1403 28.1431
2087.0 28.143 28.1505 28.1404 28.143
2088.0 28.1429 28.1504 28.1405 28.1426
2089.0 28.1431 28.1509 28.1407 28.1428
2090.0 28.1431 28.151 28.1407 28.1431
2091.0 28.1433 28.151 28.1409 28.1433
2092.0 28.1433 28.151 28.1411 28.1433
2093.0 28.1434 28.151 28.141 28.1435
2094.0 28.1437 28.1509 28.1409 28.1435
2095.0 28.1436 28.1508 28.1409 28.1436
2096.0 28.1437 28.151 28.141 28.1436
2097.0 28.1436 28.1507 28.1408 28.1437
2098.0 28.1435 28.1503 28.141 28.1434
2099.0 28.1436 28.1505 28.141 28.1435
2100.0 28.1437 28.1507 28.1408 28.1437
2101.0 28.1438 28.1507 28.1409 28.1437
2102.0 28.1439 28.151 28.1408 28.1435
2103.0 28.1442 28.1509 28.1405 28.1435
2104.0 28.1439 28.1509 28.1407 28.1431
2105.0 28.1438 28.1506 28.1411 28.1431
2106.0 28.1439 28.1507 28.1413 28.1432
2107.0 28.1437 28.1507 28.1415 28.1433
2108.0 28.144 28.1505 28.1415 28.1432
2109.0 28.1439 28.1503 28.1415 28.1433
2110.0 28.1439 28.15 28.1413 28.1431
2111.0 28.1443 28.1502 28.1413 28.1426
2112.0 28.1441 28.15 28.1415 28.1428
2113.0 28.1442 28.1499 28.1417 28.143
2114.0 28.1442 28.1502 28.1418 28.1427
2115.0 28.1438 28.1503 28.142 28.1428
2116.0 28.1434 28.1506 28.1419 28.1428
2117.0 28.1432 28.1507 28.1418 28.1427
2118.0 28.1437 28.1509 28.1416 28.1427
2119.0 28.1438 28.151 28.1416 28.1426
2120.0 28.1434 28.1507 28.1418 28.1426
2121.0 28.143 28.1506 28.1421 28.1427
2122.0 28.1429 28.1505 28.1419 28.1427
2123.0 28.1426 28.1506 28.1421 28.1424
2124.0 28.1423 28.1505 28.142 28.1426
2125.0 28.1426 28.15 28.142 28.1428
2126.0 28.1426 28.1502 28.142 28.1427
2127.0 28.1424 28.1498 28.1423 28.1428
2128.0 28.1425 28.1501 28.1423 28.1428
2129.0 28.1424 28.1499 28.1424 28.1429
2130.0 28.1422 28.15 28.1423 28.1429
2131.0 28.1424 28.1499 28.142 28.1428
2132.0 28.1423 28.1498 28.142 28.1428
2133.0 28.1419 28.1498 28.1422 28.1429
2134.0 28.1418 28.1494 28.1421 28.1426
2135.0 28.1414 28.1496 28.1423 28.1427
2136.0 28.1412 28.1492 28.1421 28.143
2137.0 28.1409 28.1491 28.1422 28.1432
2138.0 28.1408 28.1491 28.1418 28.1432
2139.0 28.1407 28.1488 28.1416 28.1429
2140.0 28.1407 28.1487 28.1415 28.143
2141.0 28.141 28.1488 28.1412 28.1433
2142.0 28.1411 28.1487 28.1412 28.1436
2143.0 28.1412 28.1485 28.1409 28.1435
2144.0 28.1414 28.1485 28.1407 28.1432
2145.0 28.1415 28.1483 28.1407 28.1431
2146.0 28.1415 28.1482 28.1404 28.1432
2147.0 28.1412 28.1479 28.1405 28.143
2148.0 28.1409 28.1482 28.1405 28.1429
2149.0 28.1411 28.1481 28.1403 28.143
2150.0 28.1411 28.1478 28.1404 28.1431
2151.0 28.1412 28.1478 28.1405 28.1429
2152.0 28.1408 28.1477 28.1405 28.1431
2153.0 28.1406 28.1476 28.1406 28.1434
2154.0 28.1403 28.1475 28.1405 28.1437
2155.0 28.1404 28.1475 28.1405 28.1436
2156.0 28.1404 28.1474 28.1404 28.1435
2157.0 28.1404 28.1476 28.1406 28.1434
2158.0 28.1403 28.1476 28.141 28.1433
2159.0 28.1404 28.1476 28.141 28.1434
2160.0 28.1403 28.1476 28.1411 28.1433
2161.0 28.1403 28.1474 28.1411 28.1434
2162.0 28.1404 28.1473 28.141 28.1435
2163.0 28.1404 28.1475 28.1408 28.1437
2164.0 28.1402 28.1474 28.1409 28.1433
2165.0 28.1402 28.1475 28.1407 28.1432
2166.0 28.1402 28.1476 28.1408 28.143
2167.0 28.1404 28.1477 28.141 28.1428
2168.0 28.1403 28.1476 28.141 28.1429
2169.0 28.1403 28.1476 28.1411 28.1427
2170.0 28.1407 28.1475 28.141 28.1427
2171.0 28.1406 28.1474 28.141 28.1427
2172.0 28.1405 28.1472 28.141 28.1427
2173.0 28.1407 28.1471 28.1411 28.1423
2174.0 28.1407 28.1472 28.141 28.1422
2175.0 28.1407 28.1471 28.1409 28.1426
2176.0 28.1408 28.1467 28.1406 28.1424
2177.0 28.1408 28.1469 28.1402 28.1427
2178.0 28.1403 28.1466 28.1401 28.1425
2179.0 28.14 28.1465 28.1401 28.1421
2180.0 28.1399 28.1465 28.1398 28.1421
2181.0 28.1398 28.1465 28.1398 28.1419
2182.0 28.1401 28.1461 28.1398 28.1423
2183.0 28.1397 28.146 28.1399 28.1425
2184.0 28.1397 28.1461 28.1397 28.1426
2185.0 28.1395 28.1457 28.1395 28.1426
2186.0 28.1395 28.1457 28.1398 28.1427
2187.0 28.1395 28.1458 28.1399 28.1427
2188.0 28.1396 28.1459 28.14 28.1424
2189.0 28.1396 28.1458 28.1396 28.1422
2190.0 28.1395 28.1458 28.1392 28.1423
2191.0 28.1396 28.1459 28.1394 28.142
2192.0 28.1396 28.1463 28.1395 28.1418
2193.0 28.1393 28.1463 28.1395 28.1418
2194.0 28.1392 28.1467 28.1396 28.1416
2195.0 28.1393 28.1465 28.1396 28.1414
2196.0 28.1393 28.1463 28.1397 28.1414
2197.0 28.1392 28.1462 28.1397 28.1418
2198.0 28.1392 28.1463 28.1397 28.1419
2199.0 28.1392 28.1464 28.1397 28.1419
2200.0 28.1392 28.1463 28.1397 28.1417
2201.0 28.1392 28.1462 28.1395 28.1419
2202.0 28.1394 28.1464 28.1396 28.1419
2203.0 28.1393 28.1465 28.1397 28.1419
2204.0 28.1392 28.1468 28.1398 28.1414
2205.0 28.1391 28.1467 28.1399 28.1413
2206.0 28.1396 28.1467 28.1398 28.1415
2207.0 28.1399 28.1466 28.14 28.1415
2208.0 28.1398 28.1467 28.1399 28.1417
2209.0 28.1398 28.1465 28.1398 28.142
2210.0 28.1398 28.1465 28.1398 28.1418
2211.0 28.1399 28.1464 28.1399 28.1419
2212.0 28.1401 28.1464 28.1401 28.1418
2213.0 28.1402 28.1468 28.1398 28.1421
2214.0 28.1399 28.1468 28.1401 28.1421
2215.0 28.1402 28.1467 28.1399 28.142
2216.0 28.1402 28.1467 28.14 28.1419
2217.0 28.1401 28.1463 28.14 28.1422
2218.0 28.14 28.1463 28.1401 28.1418
2219.0 28.1399 28.1462 28.1399 28.1421
2220.0 28.1402 28.1465 28.1399 28.1423
2221.0 28.1404 28.1464 28.1399 28.1421
2222.0 28.1406 28.1464 28.14 28.1424
2223.0 28.1405 28.1463 28.1401 28.142
2224.0 28.1402 28.1465 28.1402 28.1418
2225.0 28.1402 28.1465 28.1402 28.1418
2226.0 28.1401 28.1465 28.14 28.1419
2227.0 28.1399 28.1465 28.1402 28.1418
2228.0 28.1398 28.1463 28.14 28.1418
2229.0 28.1397 28.1463 28.1401 28.1418
2230.0 28.1396 28.1465 28.1402 28.142
2231.0 28.1395 28.1467 28.1401 28.142
2232.0 28.1398 28.1468 28.1401 28.1419
2233.0 28.1398 28.1467 28.1404 28.1422
2234.0 28.1395 28.1465 28.1401 28.1421
2235.0 28.1394 28.1466 28.14 28.142
2236.0 28.1397 28.1467 28.1402 28.1419
2237.0 28.1396 28.1467 28.1404 28.1421
2238.0 28.1398 28.1466 28.1402 28.1422
2239.0 28.1398 28.1466 28.1402 28.1419
2240.0 28.1398 28.1468 28.1401 28.1419
2241.0 28.14 28.1467 28.1399 28.1419
2242.0 28.1399 28.1467 28.1397 28.1416
2243.0 28.1398 28.1468 28.1395 28.142
2244.0 28.1397 28.1468 28.1399 28.1417
2245.0 28.1397 28.1467 28.1399 28.1416
2246.0 28.1398 28.1467 28.1397 28.1415
2247.0 28.1396 28.1465 28.1396 28.1414
2248.0 28.1397 28.1465 28.1394 28.1416
2249.0 28.1396 28.1466 28.1393 28.1416
2250.0 28.1396 28.1469 28.1396 28.1415
2251.0 28.1396 28.1471 28.1395 28.1414
2252.0 28.1395 28.1469 28.1394 28.1413
2253.0 28.1396 28.1472 28.1394 28.1413
2254.0 28.1399 28.1471 28.1391 28.1414
2255.0 28.1396 28.1471 28.1392 28.1414
2256.0 28.1397 28.1468 28.1395 28.1411
2257.0 28.1396 28.1467 28.1394 28.1409
2258.0 28.1396 28.1466 28.1395 28.1409
2259.0 28.1394 28.1465 28.1394 28.1407
2260.0 28.1393 28.1467 28.1393 28.1408
2261.0 28.1393 28.1469 28.1388 28.1408
2262.0 28.1393 28.1465 28.1387 28.1406
2263.0 28.1392 28.1463 28.1388 28.1406
2264.0 28.1392 28.1463 28.1393 28.1407
2265.0 28.1393 28.1462 28.1391 28.1408
2266.0 28.1397 28.146 28.139 28.1407
2267.0 28.1397 28.1458 28.1391 28.1405
2268.0 28.14 28.1456 28.1393 28.1406
2269.0 28.1398 28.1453 28.1392 28.1407
2270.0 28.1399 28.1454 28.139 28.1407
2271.0 28.1398 28.1453 28.139 28.1406
2272.0 28.1395 28.1454 28.1393 28.1406
2273.0 28.1395 28.1452 28.1393 28.1406
2274.0 28.1395 28.1455 28.1391 28.1403
2275.0 28.1393 28.1453 28.139 28.1405
2276.0 28.1393 28.1454 28.139 28.1407
2277.0 28.1394 28.1453 28.1393 28.1407
2278.0 28.1396 28.1455 28.1393 28.1407
2279.0 28.1395 28.1455 28.1392 28.1406
2280.0 28.1398 28.1455 28.1393 28.1406
2281.0 28.1399 28.1459 28.1391 28.1408
2282.0 28.1399 28.1455 28.1392 28.1407
2283.0 28.1397 28.1452 28.139 28.1406
2284.0 28.1397 28.1452 28.1389 28.1405
2285.0 28.1397 28.1453 28.1388 28.1402
2286.0 28.1395 28.1452 28.1388 28.1402
2287.0 28.1398 28.1456 28.1389 28.1403
2288.0 28.1399 28.1458 28.1386 28.1404
2289.0 28.1398 28.1458 28.1387 28.1403
2290.0 28.1396 28.1457 28.1389 28.1408
2291.0 28.1399 28.1458 28.139 28.1407
2292.0 28.1398 28.1455 28.1388 28.1406
2293.0 28.1397 28.1453 28.1386 28.1404
2294.0 28.1397 28.1453 28.1386 28.1406
2295.0 28.1396 28.1452 28.1387 28.1404
2296.0 28.1394 28.1453 28.1386 28.1405
2297.0 28.1395 28.1453 28.1386 28.1405
2298.0 28.1397 28.145 28.1387 28.1405
2299.0 28.14 28.1451 28.1387 28.1404
2300.0 28.1399 28.1447 28.1389 28.1405
2301.0 28.14 28.1449 28.1389 28.1402
2302.0 28.14 28.1447 28.1389 28.1399
2303.0 28.1401 28.1448 28.1389 28.1399
2304.0 28.1402 28.1446 28.139 28.14
2305.0 28.1403 28.1446 28.1391 28.1399
2306.0 28.1402 28.1446 28.1392 28.1396
2307.0 28.1403 28.1447 28.139 28.1396
2308.0 28.1403 28.1446 28.1392 28.1399
2309.0 28.1403 28.1443 28.1392 28.1399
2310.0 28.1399 28.1441 28.1389 28.1398
2311.0 28.1407 28.1443 28.139 28.1399
2312.0 28.1407 28.1443 28.139 28.1401
2313.0 28.1403 28.1444 28.1388 28.1404
2314.0 28.1407 28.1442 28.1387 28.1405
2315.0 28.1406 28.1442 28.1384 28.1402
2316.0 28.1404 28.1441 28.1385 28.1404
2317.0 28.1406 28.1441 28.1384 28.1404
2318.0 28.1407 28.1443 28.1385 28.1404
2319.0 28.1408 28.1441 28.1385 28.1401
2320.0 28.141 28.1441 28.1385 28.1404
2321.0 28.1411 28.1443 28.1386 28.1404
2322.0 28.1411 28.1444 28.1387 28.1407
2323.0 28.1409 28.1443 28.1388 28.1407
2324.0 28.141 28.1443 28.1384 28.1405
2325.0 28.1411 28.144 28.1379 28.1407
2326.0 28.1413 28.1441 28.1381 28.1408
2327.0 28.1411 28.1443 28.1382 28.1406
2328.0 28.1414 28.144 28.1384 28.1404
2329.0 28.1417 28.1444 28.1383 28.1404
2330.0 28.1416 28.1442 28.1381 28.1401
2331.0 28.1419 28.1442 28.1381 28.1402
2332.0 28.1416 28.144 28.1382 28.1404
2333.0 28.1415 28.1439 28.1383 28.1405
2334.0 28.1415 28.1437 28.1383 28.1407
2335.0 28.1415 28.1436 28.1384 28.1406
2336.0 28.1413 28.1436 28.1381 28.1404
2337.0 28.1412 28.1436 28.1378 28.1406
2338.0 28.1412 28.1439 28.138 28.1405
2339.0 28.1412 28.1439 28.1378 28.1405
2340.0 28.1411 28.144 28.1381 28.1405
2341.0 28.1413 28.144 28.1382 28.1403
2342.0 28.1414 28.1442 28.1381 28.1399
2343.0 28.1411 28.1442 28.1382 28.1402
2344.0 28.1412 28.144 28.1378 28.1405
2345.0 28.1415 28.1439 28.138 28.1402
2346.0 28.1415 28.144 28.138 28.1402
2347.0 28.1413 28.1442 28.1382 28.1402
2348.0 28.1413 28.1442 28.1383 28.1401
2349.0 28.1414 28.1443 28.1383 28.14
2350.0 28.1416 28.1445 28.1383 28.14
2351.0 28.1416 28.1446 28.1383 28.1399
2352.0 28.1416 28.1444 28.1381 28.1399
2353.0 28.1417 28.1442 28.138 28.1402
2354.0 28.1419 28.1443 28.1378 28.1402
2355.0 28.1416 28.1443 28.1376 28.14
2356.0 28.1417 28.1439 28.138 28.1397
2357.0 28.1415 28.1441 28.1381 28.14
2358.0 28.1412 28.1442 28.138 28.1397
2359.0 28.141 28.1442 28.138 28.1397
2360.0 28.1409 28.1442 28.1381 28.1396
2361.0 28.141 28.1444 28.1381 28.14
2362.0 28.1408 28.1443 28.1382 28.1399
2363.0 28.1409 28.1447 28.1382 28.1395
2364.0 28.1408 28.1448 28.1382 28.1399
2365.0 28.1407 28.1447 28.138 28.1395
2366.0 28.1405 28.1449 28.1381 28.1394
2367.0 28.1401 28.1449 28.138 28.1393
2368.0 28.1403 28.1444 28.1381 28.1393
2369.0 28.1403 28.144 28.138 28.1393
2370.0 28.1404 28.1438 28.1382 28.1396
2371.0 28.1402 28.1439 28.1383 28.14
2372.0 28.1409 28.144 28.1382 28.1396
2373.0 28.141 28.144 28.1382 28.1397
2374.0 28.1409 28.1441 28.1382 28.1399
2375.0 28.141 28.144 28.1383 28.1404
2376.0 28.1407 28.1439 28.1382 28.1407
2377.0 28.1408 28.1438 28.138 28.1406
2378.0 28.1408 28.1438 28.1379 28.1405
2379.0 28.1406 28.1437 28.1381 28.1404
2380.0 28.1406 28.1437 28.1381 28.1403
2381.0 28.1406 28.1438 28.1382 28.1403
2382.0 28.1405 28.1439 28.1381 28.1405
2383.0 28.1405 28.1439 28.1381 28.1404
2384.0 28.1403 28.1436 28.1383 28.1404
2385.0 28.1405 28.1436 28.1384 28.1404
2386.0 28.1405 28.1434 28.1382 28.1404
2387.0 28.1406 28.1434 28.1381 28.1403
2388.0 28.1407 28.1436 28.1381 28.1404
2389.0 28.1405 28.1437 28.1384 28.1401
2390.0 28.1407 28.1437 28.1382 28.1399
2391.0 28.141 28.144 28.1383 28.14
2392.0 28.1411 28.144 28.1385 28.1403
2393.0 28.1412 28.1439 28.1385 28.1402
2394.0 28.141 28.1439 28.1384 28.1401
2395.0 28.1408 28.1437 28.1387 28.1399
2396.0 28.1406 28.1438 28.1389 28.1401
2397.0 28.1406 28.1437 28.1389 28.1401
2398.0 28.1404 28.1434 28.1394 28.14
2399.0 28.1405 28.1434 28.1394 28.14
2400.0 28.1406 28.1434 28.1395 28.1397
2401.0 28.1406 28.143 28.1394 28.1397
2402.0 28.1407 28.143 28.1395 28.1397
2403.0 28.1405 28.1429 28.1397 28.1395
2404.0 28.1403 28.143 28.1397 28.1397
2405.0 28.1401 28.1432 28.1401 28.1398
2406.0 28.1403 28.1433 28.1401 28.14
2407.0 28.1398 28.143 28.14 28.1402
2408.0 28.1399 28.1428 28.1401 28.14
2409.0 28.14 28.1429 28.1403 28.1401
2410.0 28.14 28.1428 28.1403 28.1401
2411.0 28.1402 28.1427 28.1404 28.1402
2412.0 28.1405 28.1425 28.1404 28.1399
2413.0 28.1402 28.1423 28.1404 28.1396
2414.0 28.1403 28.1425 28.1406 28.1397
2415.0 28.1402 28.1423 28.1408 28.1399
2416.0 28.1403 28.1424 28.1409 28.1396
2417.0 28.1405 28.1425 28.1407 28.1399
2418.0 28.1404 28.1425 28.1408 28.1397
2419.0 28.1404 28.1426 28.141 28.1396
2420.0 28.1403 28.1426 28.1411 28.1396
2421.0 28.1403 28.1429 28.141 28.1397
2422.0 28.1403 28.1428 28.141 28.14
2423.0 28.1402 28.1429 28.1408 28.1398
2424.0 28.1401 28.1431 28.1414 28.1397
2425.0 28.1398 28.1432 28.1409 28.1401
2426.0 28.1398 28.1434 28.1407 28.1405
2427.0 28.1396 28.1434 28.1405 28.1406
2428.0 28.1399 28.1432 28.1402 28.1404
2429.0 28.14 28.1431 28.14 28.1403
2430.0 28.1402 28.1431 28.1402 28.1403
2431.0 28.1406 28.1429 28.1402 28.1404
2432.0 28.1403 28.1427 28.1401 28.1404
2433.0 28.1403 28.1428 28.1402 28.1403
2434.0 28.1403 28.143 28.1404 28.1404
2435.0 28.1404 28.143 28.1402 28.1402
2436.0 28.1403 28.1431 28.1402 28.1403
2437.0 28.1401 28.1431 28.1404 28.1403
2438.0 28.1401 28.1433 28.1409 28.1402
2439.0 28.14 28.1432 28.1408 28.1401
2440.0 28.1401 28.143 28.1409 28.14
2441.0 28.1401 28.1431 28.141 28.1399
2442.0 28.1401 28.1433 28.1408 28.1402
2443.0 28.1403 28.1431 28.1406 28.14
2444.0 28.1402 28.1433 28.1405 28.1401
2445.0 28.1399 28.143 28.1405 28.1401
2446.0 28.1397 28.1427 28.1404 28.1403
2447.0 28.1397 28.1426 28.1405 28.1403
2448.0 28.14 28.1424 28.1406 28.1404
2449.0 28.14 28.1425 28.1406 28.1407
2450.0 28.1398 28.1426 28.1403 28.1407
2451.0 28.1398 28.1425 28.1404 28.1407
2452.0 28.1397 28.1426 28.1406 28.1408
2453.0 28.1396 28.1426 28.1406 28.1411
2454.0 28.1396 28.1426 28.1405 28.141
2455.0 28.1397 28.1427 28.1407 28.1408
2456.0 28.1397 28.1426 28.1407 28.1407
2457.0 28.1398 28.1427 28.1409 28.1406
2458.0 28.14 28.1427 28.141 28.141
2459.0 28.1401 28.1425 28.1412 28.1411
2460.0 28.1405 28.1425 28.141 28.1411
2461.0 28.1405 28.1426 28.1408 28.141
2462.0 28.1405 28.1426 28.1408 28.1409
2463.0 28.1404 28.1426 28.1408 28.1411
2464.0 28.1404 28.1428 28.1408 28.1412
2465.0 28.1403 28.143 28.1407 28.1413
2466.0 28.1404 28.1432 28.1406 28.1415
2467.0 28.1405 28.1432 28.1404 28.1415
2468.0 28.1406 28.1434 28.1404 28.1413
2469.0 28.1406 28.1435 28.1403 28.1415
2470.0 28.1407 28.1434 28.1403 28.1418
2471.0 28.1406 28.1436 28.1404 28.1419
2472.0 28.1407 28.1437 28.1405 28.1419
2473.0 28.1405 28.1436 28.1406 28.1421
2474.0 28.1406 28.1435 28.1406 28.1424
2475.0 28.1405 28.1435 28.1405 28.1426
2476.0 28.1402 28.1434 28.1405 28.1423
2477.0 28.1402 28.1434 28.1406 28.1422
2478.0 28.1403 28.1435 28.1407 28.1421
2479.0 28.1403 28.1435 28.1407 28.1421
2480.0 28.1403 28.1433 28.1406 28.142
2481.0 28.1404 28.1434 28.1406 28.1421
2482.0 28.1405 28.1433 28.1408 28.142
2483.0 28.1403 28.1431 28.1407 28.1418
2484.0 28.14 28.143 28.1407 28.1417
2485.0 28.14 28.1431 28.1406 28.1418
2486.0 28.1398 28.143 28.1408 28.1417
2487.0 28.1399 28.1429 28.141 28.1418
2488.0 28.1396 28.1431 28.141 28.1418
2489.0 28.1396 28.1431 28.1409 28.1422
2490.0 28.1391 28.143 28.1412 28.1421
2491.0 28.1391 28.1433 28.1412 28.1417
2492.0 28.1387 28.1433 28.1414 28.1417
2493.0 28.1387 28.1432 28.141 28.1418
2494.0 28.1388 28.143 28.1407 28.1417
2495.0 28.139 28.143 28.1408 28.1416
2496.0 28.1388 28.1431 28.1407 28.1413
2497.0 28.1388 28.1432 28.1405 28.1411
2498.0 28.1385 28.143 28.1403 28.1411
2499.0 28.1383 28.1427 28.1402 28.1411
2500.0 28.1379 28.1427 28.14 28.1411
